100 30
-546 691
36 889
729 -877
-813 990
377 -196
-596 290
753 149
658 122
757 -636
-760 -755
-273 156
-642 -931
-245 -86
960 377
482 998
-974 -119
-189 -817
387 417
230 855
-774 646
-709 -550
37 26
-616 820
950 -82
834 558
402 -356
332 591
459 -657
-897 713
-533 330
-768 974
-339 -631
484 -77
777 -970
-949 -694
-954 -502
845 647
-534 -115
676 990
-971 957
448 -624
-911 -412
983 113
-874 -218
75 27
957 -587
753 -951
145 803
-916 471
701 817
-643 643
-793 771
689 -413
328 670
-943 367
400 965
651 -324
572 652
-84 -347
-983 385
-476 705
534 400
-670 -429
937 340
-8 936
-292 -965
595 473
-948 700
3 422
-371 365
184 -299
479 -379
687 -427
960 -111
273 611
508 -73
-468 -542
961 417
-633 -898
-888 -171
-633 683
162 850
-163 125
-789 7
925 -291
977 -83
-376 -274
-21 697
-629 -702
-456 -864
-659 971
-899 -763
-807 677
203 137
961 233
93 323
857 641
-828 -845
-967 504
766 853
837 629
363 -900
-572 69
594 -448
713 640
-376 461
97 -626
-711 -695
-30 851
633 986
-704 -789
705 -129
901 -792
140 -196
721 -709
102 -826
-960 -985
654 775
-980 -453
855 597
-785 670
142 -834
139 -701
501 -596
-457 578
-544 -412
490 -465
-822 -601
759 -544
-58 -666
205 87
