50 150
-637 835
-827 950
-771 732
-789 -571
899 701
-606 944
693 482
-754 515
727 968
-381 347
-621 -103
383 79
-772 -69
874 686
-638 -742
-661 -417
491 -593
-828 146
-551 181
-800 -416
220 -572
311 -463
-270 -812
429 939
-397 737
834 -854
-654 -98
-685 457
505 -509
839 89
-416 310
-56 237
-456 878
-840 500
-355 -565
-487 -100
149 351
453 225
-612 -2
539 39
-35 778
723 -132
842 187
964 393
-224 940
-507 -185
227 25
-741 -337
501 10
156 -311
-944 -582
495 -807
-839 -851
27 670
496 -105
781 -497
548 798
-520 906
896 747
-76 -886
-121 -443
-675 30
-636 -203
354 525
97 861
307 879
258 742
-680 -795
524 -66
-903 -695
-63 823
299 123
-457 -390
282 -728
729 998
676 -97
637 693
494 -495
-2 -495
977 230
-191 502
-166 128
-857 -557
472 -798
159 -4
-526 -118
753 148
875 -989
-184 -200
825 -459
-811 701
-151 -582
-646 301
-643 639
-302 192
-179 -994
-13 492
-960 130
475 -879
962 -936
-172 -329
-604 -537
-968 349
124 -324
-762 868
39 4
448 -642
-255 681
700 733
702 -309
63 -184
50 227
468 -545
809 121
825 -177
-5 213
491 -240
-954 -897
-696 588
101 968
-661 -421
86 -647
-238 302
-868 -184
503 574
672 505
-136 -256
98 -910
-560 -135
476 791
536 880
-754 591
-721 -972
-109 -701
987 -639
-556 -568
284 -934
-149 -473
580 953
850 -180
-44 352
-568 -186
652 923
575 653
230 62
-564 -541
-116 593
-386 251
-450 -491
758 830
-299 386
-772 681
297 714
178 -140
885 -571
648 837
-836 -872
35 -508
-442 893
-784 -982
684 -817
894 -86
-586 -957
183 257
-119 56
241 -923
-696 -5
-439 -556
-89 528
-197 802
905 -839
769 -211
679 905
345 579
498 547
228 -292
-286 646
-487 480
984 -309
-518 128
814 799
728 -193
-974 -696
-514 50
581 -215
462 749
94 420
878 749
-279 -338
51 -641
-570 272
-301 -29
-402 994
-715 795
409 807
-914 -990
917 -251
-43 443
931 -687
-80 -363
211 -173
