150 450
224 356
703 540
717 161
-833 -206
-789 184
684 396
-559 392
-885 -717
365 407
439 -517
240 -392
979 922
703 812
-678 663
151 582
-672 -716
669 619
693 -471
-482 105
548 -941
-521 -795
-643 -441
676 -708
299 -499
294 268
468 48
852 -951
440 -703
689 -68
103 932
-707 539
-948 -230
-431 -330
538 608
-118 -164
-928 -939
-344 829
384 -732
-519 -802
-548 -426
784 -86
-797 9
396 -110
-877 -726
473 915
-948 -733
916 218
-251 -604
889 -970
266 546
524 818
943 96
503 -826
561 -905
-651 -290
889 -461
-617 608
-151 325
456 143
-212 102
-939 185
-916 -555
-17 -465
-608 440
814 -942
-927 129
638 -806
270 97
-806 -145
569 843
804 972
878 -83
-197 731
894 658
832 884
-133 -390
-840 709
329 835
200 759
190 344
-583 615
536 953
684 608
-441 -764
625 -99
400 -566
179 805
743 496
-451 965
-155 816
119 -235
495 -850
767 -752
-970 471
-467 -95
-89 -527
-641 184
-69 838
-438 -759
-961 40
-704 444
-175 358
903 -272
13 -961
703 -674
943 -878
-180 945
69 482
-40 63
-246 -445
-143 540
-446 -551
400 645
-219 -819
-935 694
292 959
229 121
373 -735
-127 156
729 484
-190 -355
670 285
-969 329
-955 842
-72 170
433 276
-677 -824
-341 708
-974 8
-467 523
548 213
509 -985
-777 -481
-750 614
-359 93
709 -527
968 -573
-996 418
-384 -738
-831 -889
-956 955
-584 -385
435 240
416 -877
-256 98
540 44
658 -42
-649 -480
-770 633
-590 322
464 -498
922 -139
-973 -134
-255 -353
-728 134
-931 -532
100 602
-214 684
989 749
611 -373
564 -844
-828 -548
640 -803
562 -451
-218 -424
101 -347
-22 -192
-62 -24
-575 -410
-459 310
-647 99
-313 -785
-192 743
374 155
-780 278
978 539
-87 -702
-892 -585
352 216
-377 475
777 -230
784 226
-42 95
189 -525
-30 -602
976 902
-134 -642
-21 137
141 945
245 -518
-255 -342
-949 511
-656 -74
103 717
-942 630
-436 -82
555 971
-471 143
-387 6
475 -83
-452 246
-132 -149
-300 -956
985 439
-42 -562
184 -341
-666 371
-668 410
-995 -463
446 446
-50 -73
-385 -259
70 92
880 625
-368 -713
-44 -206
723 -987
-60 -76
-312 682
-758 84
-288 -76
516 -885
-845 826
-819 -561
-476 -624
785 -748
-684 20
-635 -204
14 -554
116 969
721 932
899 -901
211 254
-182 850
612 802
-990 540
692 493
349 -837
630 -531
-140 800
-275 629
275 451
541 -297
561 -13
-198 291
-961 871
-665 -987
17 383
-828 772
820 -492
-637 -964
71 -485
-226 -83
-798 0
766 -537
-824 934
-785 0
-773 -956
-303 103
-248 632
190 14
-659 250
868 -119
556 -325
757 202
-135 -886
-356 -194
-456 -343
-714 -309
382 57
-738 -325
-195 -569
-966 892
-137 -245
565 913
632 -848
914 558
942 -826
-119 -172
-303 397
787 693
560 889
557 -490
682 -940
969 -194
-698 136
643 69
-249 744
808 -782
458 552
-488 312
-888 539
-841 -470
-417 -705
307 185
359 30
730 843
-972 -572
-518 120
-65 14
-33 420
-476 -278
-78 -241
237 -817
-80 -387
57 -191
-291 -440
652 -870
295 339
499 914
-974 -79
347 348
176 818
670 484
798 1
-960 64
44 682
-350 572
-60 -444
528 345
-299 744
-939 -983
961 -766
949 -736
897 -44
158 734
983 143
-879 -197
-253 -269
-466 215
-15 811
-278 -520
761 262
45 -262
23 495
622 -885
592 -533
-316 866
-850 -887
-189 677
397 -735
853 653
-283 -49
-122 901
452 -578
361 917
-81 513
883 -621
-541 -761
670 -590
658 -276
-951 132
618 -188
72 214
215 247
989 -405
-594 -634
708 -7
999 453
114 -412
-28 769
521 -392
-99 990
295 599
-340 -520
470 -600
-272 -606
873 -234
-607 517
-884 -124
-786 -127
266 -741
820 361
-874 -752
587 -998
-379 -92
-274 -470
104 -761
955 659
-113 -767
-589 872
-83 -974
757 184
446 423
977 507
-119 -476
-526 676
965 717
643 587
818 -543
-628 179
303 77
-621 483
648 -278
-536 -648
826 270
66 958
728 -876
667 -237
169 -167
634 -366
468 794
-710 190
821 574
-132 -947
583 941
752 -37
-727 32
-132 -311
-791 -769
282 360
-948 -50
-470 -948
492 532
-368 736
-255 -174
433 872
589 -351
-972 -883
525 -710
591 -282
-993 -48
940 158
-356 -793
-772 -199
-397 -391
445 218
-201 -620
53 684
-323 -769
204 782
-319 925
277 -8
-837 -365
-139 -487
-881 716
-166 103
837 21
588 -823
177 -762
-347 -855
-961 -252
508 588
-437 256
-306 233
-521 -948
227 958
507 -363
-462 497
-650 -23
306 97
-485 828
781 -856
-518 689
-963 -667
973 -802
816 -784
133 -187
-509 -684
808 -850
876 -388
572 558
209 -4
-478 54
298 -661
-455 522
-983 217
786 757
461 -360
156 -294
-352 936
-412 373
-966 195
927 -739
801 64
-248 138
676 -557
-652 -817
235 -112
-131 -577
-910 243
-624 796
764 549
-890 -80
828 995
-564 855
550 -837
290 966
222 745
-237 -389
-495 141
40 601
772 79
-236 -909
-66 21
138 -841
608 -404
-800 934
881 778
355 775
970 908
690 166
519 952
942 427
-669 525
510 570
-238 -647
379 -894
534 402
-328 619
-406 -745
-674 -159
930 -771
605 705
633 120
-580 675
-27 877
349 -791
-524 -461
-273 -9
-770 897
525 720
835 382
279 114
458 504
-948 -498
-329 -851
881 -98
620 20
5 -294
393 -326
-542 426
708 771
80 -700
980 380
-187 -773
94 -815
-313 341
54 393
628 266
920 -608
-229 -370
-584 -903
644 -92
-871 338
-547 943
-554 -170
710 856
50 797
351 -974
998 -180
-844 -108
-201 -938
-952 519
-473 775
517 333
-454 194
-889 -627
-256 864
-166 2
745 -271
673 -705
-930 812
-90 614
-295 -93
73 -530
-447 -72
809 535
145 -824
-356 -388
219 -533
517 175
-605 -439
-846 -646
-784 423
-740 -892
-400 -623
-481 -762
831 902
282 336
938 -585
370 -356
931 738
935 240
-103 517
-369 -483
-580 955
584 -417
-300 -41
-45 143
-291 876
-190 612
72 -492
803 -28
-290 892
260 272
-91 -810
199 819
-290 101
951 -825
95 857
