80 1
217 -37
300 -383
-925 -999
325 -57
-160 528
22 612
652 -630
-411 83
919 -559
-627 839
686 -582
874 38
141 -334
-582 -734
-569 -32
352 -515
-427 -598
151 -272
-667 -897
792 255
-135 3
229 606
-852 808
-318 -83
-908 787
642 622
-438 20
-717 707
-487 -92
830 333
536 -925
571 969
146 -444
-296 884
715 -136
-40 604
-268 -478
-7 -70
237 80
392 247
-436 -449
729 -446
-590 752
-283 -77
805 -708
83 -940
-181 -543
-43 -146
746 -921
-649 -53
846 215
821 -306
-114 208
-96 -886
464 -245
132 416
36 220
617 5
423 734
535 -173
-625 767
915 4
-406 -352
-579 225
293 482
787 929
40 911
-575 -913
521 508
-808 217
-907 522
622 124
775 -352
-440 798
-28 488
-583 -442
-989 -774
580 70
678 -52
718 96
935 -241
601 110
