200 50
-238 240
-300 -64
476 63
-466 777
449 -102
486 696
-426 -160
-495 -252
-553 474
-565 -655
-537 446
-946 -596
398 -490
629 732
989 -655
-658 932
-909 747
978 935
193 -143
-467 116
505 265
501 755
299 536
-209 581
264 930
-667 -733
735 7
298 555
-754 92
-641 154
-804 -161
784 632
-800 -217
410 354
-733 403
-241 -113
-958 -560
540 -136
-37 348
-543 985
699 -867
889 744
-861 102
-907 -979
-741 -607
-829 -611
452 85
568 569
-739 624
-883 -316
-68 34
-449 508
583 603
-619 -35
17 -141
-631 -125
-877 -381
217 -343
-181 383
962 -753
785 -725
89 849
-478 587
-109 -39
-990 701
-326 557
324 -45
697 -878
162 418
883 398
523 45
255 168
-21 427
560 924
50 -166
-835 801
-809 218
-952 -799
842 979
-404 17
210 732
-1000 -721
-210 830
740 -397
-82 659
-965 -515
877 615
930 565
538 688
-607 780
-880 -53
-204 470
990 -201
779 -642
-936 994
242 -374
625 -426
-975 691
183 6
-48 998
-460 -255
560 783
966 -112
-59 909
-907 253
992 445
803 -262
-812 582
834 -851
573 -585
926 307
969 333
-605 725
-228 769
-976 -665
962 -861
605 -2
-782 503
-464 346
962 -514
-369 -384
-635 558
-612 -561
97 654
-708 594
-136 230
606 153
842 -985
-609 -153
935 788
-493 87
-228 434
318 979
-366 -226
480 677
750 -246
63 789
125 -189
-855 -367
423 815
-945 551
-131 -80
351 45
-894 -771
-370 357
-811 74
-459 -552
299 -512
981 168
999 -534
-726 367
-445 25
-376 -493
-790 959
764 -779
-341 573
40 446
-533 -241
955 995
-546 288
653 258
911 282
-51 486
831 -439
-209 -104
-316 845
688 -1
-365 453
353 -385
520 -126
507 -499
88 543
-442 -419
-324 -3
734 293
690 -181
-543 328
853 288
45 380
-87 -114
232 -24
153 913
-957 952
-918 -214
-853 -901
-459 814
-59 543
788 693
-323 740
966 950
325 516
-344 -283
0 -216
892 -461
-165 374
798 -503
387 225
-378 428
282 248
381 739
3 -844
-110 -809
35 -923
-268 -928
-206 -947
51 -946
-233 -868
-124 -878
23 -859
36 -897
123 -925
-68 -928
-161 -811
-76 -727
58 -938
-124 -920
-113 -774
-122 -988
-151 -835
132 -948
-48 -983
-68 -995
-72 -855
36 -896
-81 -856
-53 -710
-138 -953
-225 -993
106 -849
-67 -846
-173 -990
-209 -951
-156 -822
106 -937
1 -935
-206 -951
-126 -759
-73 -885
51 -875
-127 -832
-133 -804
-17 -969
-220 -866
59 -815
-143 -835
-151 -856
54 -895
-114 -798
-42 -907
-220 -889
-59 -928
