1500 1500
835 -741
-703 -603
405 802
984 -216
415 -954
-121 692
984 177
-935 -262
-614 -502
154 -687
554 824
-937 886
184 829
-686 -265
594 240
-419 -536
742 815
413 435
-773 826
942 459
-282 40
-364 257
0 -52
-448 -809
579 -46
395 545
-472 -870
175 -981
-968 629
805 -201
491 72
-408 -863
973 -122
-11 382
380 -995
-740 -53
-919 384
706 -232
76 46
87 -578
-997 538
354 588
968 -642
517 617
-268 -507
423 305
229 -901
-583 120
374 372
228 -704
742 455
-145 -762
-380 761
599 887
84 -348
-430 562
660 -96
-886 236
-309 889
-429 426
558 715
-731 334
-90 909
841 347
26 819
619 544
-417 -451
576 84
-474 493
684 463
73 903
669 -567
648 -230
191 964
688 339
-727 -814
-654 214
-768 -488
136 500
349 -478
449 -652
-598 -348
-590 36
-265 793
743 -739
794 -762
-93 639
277 567
-755 -234
-698 595
596 91
339 897
-676 575
-992 -482
-752 -674
-894 10
-232 -267
-242 -311
800 -276
-488 707
369 189
472 373
418 -473
-273 -398
-644 -80
-140 597
-508 -871
-800 -158
603 -380
-956 205
-674 346
-949 -829
-454 751
805 749
667 167
-556 -681
284 800
-991 155
-50 -530
-844 -87
-257 297
653 -257
-702 666
212 -736
-815 236
516 -832
-866 -220
-48 -815
376 580
-771 -398
79 -917
-216 -29
-715 860
-986 87
-970 -197
4 967
-792 -672
996 -497
-803 -27
939 -977
177 224
383 -355
975 784
-975 -575
-216 -240
747 -993
700 770
128 389
901 -111
938 733
-883 -483
904 122
-517 616
446 -117
-10 -267
-601 839
499 -727
-710 -731
759 730
821 -870
-809 -555
-142 505
769 320
169 974
-221 970
463 921
775 499
-500 -3
661 51
-390 -184
-930 -25
578 177
27 115
-754 -542
-721 -380
-318 -964
-750 -254
693 -151
-226 -238
123 120
167 114
-461 -998
-99 -294
-293 -893
-255 384
-880 -673
688 166
-570 449
764 -128
329 -83
79 70
-365 978
134 410
702 908
-544 516
-265 65
-542 -536
-209 269
-301 -244
-640 782
-28 -783
-557 -561
156 368
643 -564
-715 660
-110 -287
-237 86
744 984
-199 -991
-668 -251
924 -480
-63 -609
-554 189
472 -15
226 84
632 361
824 317
7 -719
917 -22
171 440
-827 246
-38 -98
912 641
583 107
-239 -556
-933 920
937 -657
627 370
-966 893
99 731
-961 -382
588 -848
956 -792
234 501
-700 905
981 -840
379 428
-991 836
809 221
730 956
-460 652
-991 572
682 966
-509 391
225 491
-309 218
301 -151
287 -111
-596 568
801 351
-164 700
-814 -221
-84 -415
-284 451
-445 576
-308 156
707 -487
-979 677
-260 58
114 -597
262 81
-32 713
-544 565
-859 -205
775 153
-735 890
827 93
-806 -86
-664 -8
359 -953
-732 -689
-205 599
407 -484
-435 -113
507 854
-48 615
-993 -48
-41 -246
372 -26
327 -790
-909 371
-237 -163
133 279
754 352
-578 182
864 47
588 599
-300 796
-295 -823
467 -203
462 48
844 148
366 25
848 670
80 960
603 921
633 -221
763 -117
-795 -937
150 -975
-640 396
-774 154
181 -910
-807 131
115 -679
-751 893
488 -369
-76 -138
-357 914
-288 -112
-50 436
868 717
35 627
911 908
-389 943
-856 751
443 67
595 -203
64 -137
-107 -316
-989 -109
52 784
-945 -66
-513 -807
701 -836
-965 -732
-333 697
-604 860
561 -915
-970 -103
538 -974
-453 178
696 -603
-161 49
510 344
-159 55
92 324
885 192
142 120
821 37
524 -602
968 -26
-878 672
-794 792
868 -248
467 853
17 -268
-97 -723
435 -547
-25 181
665 -163
-612 195
-613 -902
297 -461
935 403
-556 -6
-511 -272
-903 956
387 -889
-558 -274
-767 -362
495 371
65 756
704 332
-975 75
478 292
103 -690
-970 99
234 682
295 882
-104 926
-836 606
-734 57
137 -71
440 660
488 357
626 -864
400 83
90 -938
127 497
-763 -704
-945 -930
145 324
194 954
470 -87
4 643
-777 823
-991 662
-268 379
411 125
-9 -12
960 -48
760 -761
223 768
-453 -118
384 -326
974 -744
95 504
-850 717
362 975
-688 -430
-159 -377
903 362
126 364
-334 -325
485 807
375 -561
-412 -769
-665 -878
709 541
435 -345
-428 158
87 803
-521 78
9 -496
-889 44
119 510
-72 332
-948 -117
151 -30
-262 773
-461 679
-273 -920
365 66
-86 684
-635 -125
357 -446
335 -982
897 11
142 -342
798 -123
-467 629
-496 -710
-977 -470
-520 -230
-674 -49
-833 562
198 -176
889 -174
-994 344
360 698
833 418
812 -738
-989 35
-237 -91
624 -440
851 -332
-864 -732
700 765
508 -315
-752 122
243 136
-319 -440
-106 634
-248 -329
-888 -847
-442 -358
-836 414
-687 34
-805 -538
-4 -103
-388 615
-969 926
-731 796
-394 -809
861 -253
163 131
-384 938
113 22
245 214
-917 -958
-402 172
-658 -61
461 551
-219 102
365 -696
-523 -269
878 79
590 782
-921 431
828 748
846 -681
-527 338
-969 168
-92 -183
197 -46
-584 422
449 -545
65 154
680 957
314 -748
-119 -633
556 253
-719 -185
-63 -968
489 -466
515 99
-482 563
-185 -327
250 710
-1000 -864
747 -333
906 544
520 -962
-659 -75
856 -544
-455 -939
532 -145
-497 -606
432 136
60 -577
496 776
-847 808
194 -672
503 -418
772 890
-270 -341
-691 -922
392 -453
-120 -764
237 -774
645 283
-479 132
-919 281
-250 641
-812 -805
-823 508
-403 783
-795 613
-798 -134
551 -191
-967 -389
9 733
-665 585
758 -899
149 -137
748 453
-604 119
-141 880
538 -631
-9 -18
-124 -688
637 -259
214 65
-514 765
-616 881
270 143
23 483
-979 645
-552 -472
336 239
825 -390
-164 -55
-304 -627
577 121
-119 165
-133 -625
-32 -606
-672 598
400 -662
-544 844
-353 -564
946 -547
-83 -776
-484 -745
168 25
-556 284
66 -937
-542 -44
60 -701
962 152
789 362
-230 841
413 -369
52 698
-371 -153
-79 831
375 -897
-834 -280
241 -864
-619 -289
781 -380
954 736
885 -521
-223 665
863 -312
-692 -549
-195 24
-736 976
191 -853
-107 620
373 757
-757 -217
359 429
-771 -986
546 521
213 -917
-105 -123
-781 -344
624 1000
609 -896
-175 -45
-954 -768
-583 -346
935 625
-419 -518
-359 741
-846 -362
-572 -594
432 448
560 410
836 -126
-518 78
-914 655
130 800
666 -871
-754 -52
217 -466
-727 607
653 453
-382 -350
601 -687
-210 -581
-926 194
-503 595
-880 -787
-654 -497
409 67
-720 242
971 -311
553 -391
757 731
-624 135
233 -267
-240 923
-322 -990
842 408
-465 -792
158 -669
-728 793
-389 -464
756 -217
-236 -516
-766 -990
-209 -174
102 994
648 274
359 621
-129 879
-39 -132
-484 -88
-159 -498
55 683
127 406
-66 461
48 -865
-973 271
397 -197
-516 -746
94 -642
-347 -504
-869 -653
-715 269
113 997
253 -232
-337 764
-962 -122
606 255
-860 -141
81 354
-58 -471
702 -356
-128 368
47 662
-212 -842
-53 -951
-638 561
-154 -89
-638 -148
-11 514
5 244
-660 -578
145 -950
694 -129
542 960
7 -324
-431 -123
-789 472
981 -566
-872 216
-962 634
-348 672
-98 -792
128 198
-89 100
836 838
-545 -665
-614 -503
-525 -80
-401 -716
233 -276
48 -454
-159 380
-623 -881
-970 -10
626 116
263 993
934 247
-231 441
-531 -353
-817 209
733 -717
-157 945
755 644
-714 -744
588 793
-338 252
763 -945
80 737
-628 -217
716 628
-67 -259
-640 804
-847 -547
234 768
-590 313
-499 -491
-706 -746
662 119
168 493
-894 753
-385 -920
763 667
774 -218
-57 -88
6 -245
273 3
-909 455
469 639
518 992
-961 673
994 228
-739 -161
499 -588
-6 -488
258 450
-522 465
219 -399
-461 797
99 -11
815 -292
974 -289
935 -379
-962 8
148 151
545 -465
-528 384
-831 124
-349 -576
808 969
-720 304
150 582
-147 -44
13 -869
-881 -554
654 -365
-16 -52
-718 908
-139 -204
-539 -531
152 -851
-918 340
862 -706
-776 -765
-209 -6
616 458
-252 -127
491 -864
-641 -909
-386 175
-337 -138
174 420
-907 -579
243 -813
-604 -54
-204 -532
-664 795
-851 -808
690 85
892 -773
491 664
745 171
-917 91
-498 -434
761 302
-185 -663
345 615
235 -279
-104 662
-918 -605
876 -266
101 -940
-533 -407
450 715
364 -103
-167 -445
528 -854
-958 -167
-454 -252
301 50
63 -137
584 563
129 443
904 234
862 514
-16 84
267 -704
566 -831
-618 -640
-295 79
-433 -623
989 497
-52 -103
731 -846
-875 -184
-461 -417
-439 -551
-301 215
-703 820
-84 136
-637 -65
31 -495
483 421
-2 316
-146 834
-479 991
-958 340
-101 16
244 -217
197 -145
-201 153
663 -659
-966 299
-856 -694
43 -5
-845 -375
920 599
-161 519
-8 -61
-401 -313
363 -269
-989 -45
929 -854
-559 -344
-318 -900
398 -577
840 -390
517 532
441 940
-39 -87
181 -226
-412 -459
-435 631
518 940
-105 298
295 489
646 872
-428 399
860 -921
745 -568
-970 -100
978 -452
412 452
305 -323
-23 705
-893 675
-857 745
463 98
127 533
-698 225
383 -599
540 -677
302 296
804 626
-232 210
826 100
-484 581
404 776
956 12
448 282
-555 764
-494 -974
-943 712
711 -891
-827 401
182 -216
219 -585
-277 -839
987 332
-365 -956
457 -706
-634 296
354 137
608 613
-447 74
-468 -112
83 -973
847 966
77 -944
-715 692
742 39
-277 -801
-615 23
187 468
255 -765
764 -661
838 -917
307 -998
-209 -398
519 283
-901 225
438 -237
-235 -654
215 -610
699 866
532 440
226 -627
-502 -4
-705 16
240 424
623 178
-126 -926
-954 750
-480 698
608 -696
-116 -563
-336 22
-271 -738
-83 -178
-731 -295
-245 -89
264 -419
298 -60
329 754
469 -454
-296 -841
-410 -442
439 184
-122 109
-1000 398
-652 910
-34 -584
490 -283
-96 -107
-752 223
-650 -931
556 -754
-594 -793
-113 -489
625 296
635 372
-364 -404
-806 -576
149 139
59 -297
573 750
891 366
-842 -25
-844 594
-481 268
-441 -807
34 -116
-489 406
-50 596
307 -762
-589 712
-102 -180
-589 97
-557 -757
-849 53
9 -58
405 -434
-807 -292
890 -256
700 845
662 971
-181 640
396 517
540 -556
-644 317
-519 360
395 -260
-998 170
-189 321
279 34
794 806
-420 -94
-668 -766
985 514
-277 -488
-389 -302
593 -781
745 -519
869 -554
824 768
504 -263
-670 -982
19 693
-114 74
-712 246
285 323
-124 -975
120 -574
-115 523
40 -228
-493 270
-74 160
-780 -610
258 809
-893 -220
214 329
-567 -632
813 766
-638 -602
-709 30
931 -883
967 590
-595 106
391 493
-380 -749
-382 -41
-823 409
-295 893
833 -237
-864 485
-292 -861
552 14
-612 -208
-147 -584
-590 -377
936 -196
-561 -780
413 451
-493 -540
-557 -894
-965 668
-500 -100
-695 -238
-948 -408
-529 316
-373 -26
-520 598
-728 885
522 -676
141 181
-802 -40
299 -428
651 104
-702 454
-657 -534
-838 -616
209 167
-579 -733
892 -427
231 246
787 144
-106 94
-221 -832
531 -995
-911 43
-57 -893
-438 120
-488 704
616 217
761 -178
-485 212
-657 -753
-211 -227
-848 485
793 -744
803 740
-253 -861
853 -207
-539 26
-143 320
-945 846
-824 -626
-371 -859
270 882
613 -855
975 -661
-682 -2
28 -360
-3 -932
-605 221
872 -517
-254 982
-215 43
511 -228
-706 44
314 621
662 400
-143 424
-766 654
965 313
-865 -714
340 595
-635 938
751 -446
-354 -823
867 -84
207 -457
655 -335
112 -341
-577 52
-374 -944
-385 614
-293 -886
-903 -221
176 467
-805 312
-541 939
-55 402
-788 -124
-873 209
381 -136
50 -926
-676 559
-829 -884
451 -384
166 975
899 -939
-214 -339
660 -286
279 -175
302 -19
-61 766
686 569
-938 -111
-182 -577
978 966
-871 -988
35 228
597 480
427 184
996 197
-215 -551
-866 805
271 658
-543 -320
-946 -763
475 588
-335 481
-581 23
553 824
-202 -693
205 -599
383 427
156 699
-826 -115
454 333
853 -129
218 -960
993 109
90 580
-699 -421
388 763
-98 716
709 -171
-91 -680
164 122
-264 149
414 -62
-347 -75
38 216
883 -36
422 984
91 63
817 513
-223 -796
624 -424
723 381
-791 -338
-686 821
823 655
-941 895
-5 -276
203 3
-840 -397
-910 703
-923 -632
-219 846
505 -636
483 -670
-367 911
-195 552
-622 -737
-365 824
588 -58
-499 581
41 421
-361 -29
670 236
259 -99
403 -987
-493 -430
-622 -660
572 -86
-394 82
-754 -697
-337 159
-203 -394
-723 742
-108 644
78 295
40 -770
56 -436
-760 -80
875 -469
401 -551
948 -510
-523 -618
926 825
-580 -268
-214 527
-621 -180
-56 -817
-38 275
-110 -382
-179 -568
727 982
362 638
214 793
-833 245
-615 -258
22 721
-786 395
488 528
-900 -810
869 639
-93 30
-48 -246
736 -915
-187 -484
296 192
253 -879
513 -855
-161 -337
-349 -529
851 819
579 -993
-676 -120
789 -807
-172 -666
-177 930
-862 -114
74 -397
-354 461
220 558
-997 -475
438 851
-542 -785
-123 133
865 421
-606 -25
722 26
-376 -410
-121 530
32 -980
147 939
-36 743
325 -128
-559 -326
-424 -667
957 701
-876 -520
-203 962
175 133
46 -539
850 184
250 909
326 62
793 110
-937 250
-446 -153
-605 -119
571 -414
667 -565
-573 -934
-596 -62
488 -167
858 687
315 -25
-872 -998
133 -146
925 -677
-578 -835
275 780
908 260
-841 -268
-56 -304
-608 924
-461 761
-657 -649
797 859
53 -167
583 951
-776 -46
58 -931
-119 -325
-250 87
667 -108
229 -367
650 -926
330 -938
-598 506
194 807
394 -994
671 706
-853 -38
-901 657
-290 695
-215 524
187 -637
-964 2
-656 -658
-346 505
127 -522
41 891
-989 -739
-920 683
-322 -487
584 -803
-818 836
-896 -355
-250 -845
-579 831
-307 -209
253 254
967 258
-788 111
-215 -699
-827 -287
-69 333
-552 179
-580 -548
715 -96
-559 807
-271 522
263 237
-584 -604
-638 -714
-341 980
227 248
683 -1
-824 737
-614 464
-4 -490
-66 -984
-909 -206
396 -221
927 848
-93 670
820 659
793 -887
-754 -855
-870 -694
573 954
-913 544
331 -589
349 680
530 -704
80 -892
828 -845
970 119
-478 -532
-531 712
-812 835
607 155
343 839
792 509
-402 499
-852 -737
-283 -32
-939 341
-546 629
-979 419
154 -727
-247 -916
-601 -775
172 18
-844 -84
229 -436
-166 -18
-435 -925
-71 433
13 738
953 258
-201 -310
910 -32
669 -713
514 249
-850 871
-874 752
-690 -215
-953 -6
-12 142
-500 709
-74 67
-652 438
-426 237
5 -531
257 8
928 422
328 866
-364 702
-176 543
887 -731
-894 507
9 -749
-503 -626
388 367
-343 371
401 958
-645 155
-574 -154
-123 525
-553 -516
-518 -244
847 -801
-989 34
-428 355
-913 722
670 456
-110 -997
714 -173
963 -605
503 -79
197 -795
-418 -920
-512 364
201 -134
-271 -210
973 -364
-571 426
440 -382
565 -396
612 -632
-931 166
866 888
-80 -875
-980 -764
738 -149
-314 725
453 -787
-637 146
-603 -63
402 -298
81 -168
-691 -100
19 -849
705 -641
235 -633
-292 632
80 -730
-92 922
-148 361
484 -306
799 -451
288 -201
920 793
837 554
-688 522
-721 -899
541 -427
-999 782
-783 -884
-90 -604
-948 -401
639 553
141 942
877 -540
89 677
-210 -391
-492 -779
-617 612
212 810
453 205
536 27
-361 453
668 440
-300 -979
-999 801
506 689
623 -431
-383 -164
-170 470
-842 -871
402 -646
-693 886
908 905
956 -6
992 202
-240 -501
-945 -596
880 -428
-455 -248
-762 556
-882 -385
-365 -363
-170 -798
863 717
244 -936
841 -680
-192 -511
-132 -290
-558 908
-741 929
-729 574
-499 -198
302 -997
773 -608
-31 698
208 863
860 -84
656 -175
235 -233
-655 -330
173 681
-256 430
-334 -859
-654 936
-138 3
241 -891
336 -378
-264 189
-380 -121
146 -343
-70 -54
866 -121
335 -844
-234 -697
77 291
993 -99
-339 336
55 508
-141 126
-832 -477
-341 131
-766 -327
257 -773
-297 -101
716 684
-205 -149
-361 146
-486 190
241 -476
-153 732
-964 420
217 219
-296 -876
32 -726
667 -274
598 420
938 -123
-126 -64
643 549
-991 440
-366 259
269 185
-564 -770
418 23
30 161
-966 -837
642 -488
761 -977
206 46
-772 897
-688 298
239 -508
786 540
-269 442
151 176
-964 505
624 -656
814 -571
-272 55
579 392
-102 656
-834 -395
-389 -713
664 -151
415 378
872 -368
69 318
-508 -415
165 -902
-587 708
933 244
-414 102
68 489
-609 -251
56 834
836 -673
-135 -293
29 610
-625 -701
102 -27
533 -671
713 568
676 466
-87 148
219 -183
329 -428
955 375
-970 -829
-859 944
24 137
514 516
893 900
71 542
-287 -155
593 -164
-583 -638
887 -106
847 -55
829 -807
824 930
935 -116
534 -767
-169 -584
220 -292
680 405
-557 485
103 144
548 -221
-409 844
159 -508
962 590
73 330
626 874
-697 -799
-176 -56
-527 -73
720 64
-749 770
-225 705
178 -972
-167 802
498 922
527 801
-185 865
185 962
-306 160
-541 183
-56 -589
-67 -492
-10 -445
-527 37
261 -343
-86 -780
187 -125
-758 258
451 445
207 -487
-875 51
720 -597
-207 -737
778 315
848 268
-120 -810
943 731
208 -580
901 -536
744 378
-406 -357
-152 726
71 840
-254 932
-493 805
-923 -571
-514 -979
-144 748
958 -935
-185 741
-759 514
-550 -505
199 -934
282 -728
611 -979
642 -707
-1000 697
-968 -987
-405 792
-556 -967
622 -548
41 832
808 194
479 535
-927 8
-360 -810
108 809
676 -23
-596 -606
152 942
-427 -404
569 432
-815 -977
-66 -733
788 -61
-917 14
800 -866
-412 974
-59 78
-221 468
146 515
828 -522
818 488
502 -425
-935 -217
-728 -827
-282 824
-33 276
-103 -856
110 448
986 -705
-559 763
-141 -588
-854 142
475 -778
-623 -752
-695 886
-23 859
-143 855
627 824
-67 682
-485 748
268 -178
-621 -440
-769 803
-463 777
-210 -940
-702 -725
678 808
854 -40
580 416
55 542
-535 -968
-305 -787
487 -959
-347 -650
382 -156
-454 -144
945 -798
422 -398
-358 263
993 -324
-291 -873
-12 -476
656 611
986 43
-867 622
818 250
-350 -707
-551 989
-953 -812
-338 -238
-853 217
-621 259
764 941
-657 601
332 -143
-605 14
-963 -529
-456 567
823 -250
175 222
455 -776
-23 127
-128 -366
341 350
166 -19
895 580
-173 -729
-317 -703
218 -593
-719 -149
-398 470
-528 -831
-22 982
49 507
-154 -708
748 -778
-797 -477
-447 591
-231 -489
-405 452
202 -224
640 -519
644 820
269 -539
371 439
38 -438
-681 -517
-409 927
-850 -755
-488 -571
-764 -909
807 549
767 121
470 702
-86 898
411 850
974 242
531 759
520 625
-916 93
-612 233
32 -647
-2 528
-791 -768
455 266
-423 57
-181 899
-688 -490
-43 -520
-576 -490
-247 -802
90 -708
8 -712
587 936
449 -491
315 -628
940 -236
-418 136
-28 -669
-827 -709
-566 14
773 -377
168 15
102 486
640 -513
958 284
-452 -407
-155 476
-773 -901
-778 -538
-328 569
-301 -153
-680 692
528 167
258 -462
874 121
719 570
-600 -8
324 66
-102 -369
719 -998
784 119
-367 628
37 960
11 116
248 590
727 28
864 -697
-734 771
-564 547
646 224
-979 386
45 611
-690 -855
-851 -647
-494 -923
-847 -224
822 -455
-31 -428
-39 815
-2 601
73 234
-938 -959
-453 557
231 -227
206 -236
764 991
478 -523
-973 -301
-571 304
929 805
57 301
667 -732
-416 419
-702 -768
-178 -195
-971 -843
-314 -525
-577 -457
916 209
-772 558
-675 178
-660 -853
-252 66
25 51
535 -744
-904 631
-152 -535
-665 642
-73 425
-235 553
-995 -719
-357 193
156 644
179 -232
-589 -693
-844 -56
-436 -658
465 -826
903 876
506 39
683 765
771 359
-876 -138
27 -815
606 -894
959 172
243 -829
-563 997
-269 -367
-459 487
-765 539
-5 -794
-441 0
803 -328
146 590
398 -22
-415 60
-656 50
608 239
-172 25
-933 -150
752 -66
971 27
-970 -613
-870 832
-655 306
365 -136
-271 -265
883 -456
987 -638
224 285
-331 -996
987 -71
599 -508
-234 -64
-733 426
-952 125
393 635
-429 -820
-423 364
292 -398
39 260
938 95
751 486
-162 904
126 880
543 -922
-659 -81
-955 160
214 -404
690 25
421 -401
-217 622
-414 -831
-938 998
235 -217
320 234
-850 -909
239 734
-399 840
-173 -85
-293 -576
699 -278
329 -425
-111 -274
-205 432
627 656
-770 -700
-502 615
412 -669
-506 -235
-693 257
-918 -398
770 -505
553 911
755 -447
-727 -140
-218 635
866 856
92 671
94 155
-194 716
715 278
989 -213
462 503
46 698
-574 69
-942 368
897 -926
477 -200
-772 -753
752 -168
-128 141
-329 -547
-194 911
-768 -38
826 -846
293 622
-215 -91
611 920
131 -352
83 -496
-731 722
-286 234
-587 286
886 -227
681 772
-235 200
769 464
-37 29
-629 -634
514 -570
-1000 -71
-984 936
-663 956
-158 -582
664 -907
802 278
97 302
572 592
521 -910
-702 -13
-501 864
-904 491
805 -41
-36 811
664 169
599 62
790 -842
376 240
641 354
-434 -612
740 652
-714 49
502 -500
833 -790
-10 247
-454 -928
366 -474
305 296
695 346
567 -306
-933 -513
-459 -968
-378 -822
571 -493
503 -457
830 841
-989 -496
-402 -77
671 413
59 648
822 -330
578 433
-95 276
654 -76
770 512
-749 -113
951 -98
263 80
805 -148
-68 280
-207 -802
201 -100
27 288
42 649
-791 -974
-901 686
-978 701
122 -947
-758 685
710 -311
-377 827
943 93
-931 -101
-513 229
-144 843
-475 413
-378 639
-493 623
-379 399
-457 -364
700 -902
513 -970
694 648
-485 525
-835 -276
-485 86
124 -803
313 -144
432 -1
370 398
-210 -201
545 219
-307 974
-108 -942
193 933
657 -939
189 -461
218 -27
-113 -692
338 -653
-383 786
333 -194
436 684
575 700
-916 -151
-990 382
388 -430
-288 -399
-558 569
-182 -367
-612 -925
-278 316
-892 -879
-708 207
-224 -546
143 -92
130 684
811 327
-400 -955
-535 -829
-323 -263
-625 -443
-165 -125
709 209
-507 891
248 -857
13 -670
415 -341
453 212
921 -241
-405 -678
-224 753
915 -19
-350 -973
736 871
-165 736
-260 258
-736 966
690 -71
330 298
587 -23
555 -438
-189 -129
-810 8
176 -343
154 395
251 604
925 402
385 724
-768 -683
20 581
521 -982
-742 130
-302 -597
293 -691
-961 99
243 -538
-275 641
-397 -898
-650 -661
982 -190
-918 908
716 204
-623 628
-339 447
676 -966
-219 -472
-179 322
643 48
684 -6
32 -539
-291 722
-824 -657
227 805
-178 63
10 -657
-543 -182
-3 885
734 -230
-556 890
-754 51
-948 -896
203 -367
987 852
4 307
172 811
-982 -948
-68 -598
-677 291
-578 -113
698 437
881 942
959 -664
-214 514
-499 -579
814 867
414 -609
69 423
878 -857
714 80
151 569
-21 136
106 896
727 -437
548 984
-190 -302
839 -999
206 207
731 1000
-362 378
34 898
-153 -207
-189 722
446 -606
172 -745
595 -876
326 -475
-746 -877
-660 -649
-402 -768
316 699
330 -655
-565 701
-222 615
-973 -691
718 971
-349 -819
-347 -861
-517 922
-569 -325
-951 200
-979 -138
-957 -598
-477 -974
-393 -807
-57 840
-603 -891
515 -623
-461 370
-215 -839
-132 213
642 739
111 844
-795 559
-712 -994
-811 258
-57 -790
660 216
109 809
-690 127
56 -828
-912 -835
386 -192
-886 -727
-664 -66
-401 -511
147 -684
698 -339
544 -114
-268 -738
-865 352
393 268
208 -808
20 412
-610 -721
930 607
-588 808
-225 856
-856 -789
-14 876
-835 710
94 510
-528 362
335 682
384 -913
376 389
538 -107
-791 733
-946 -368
-433 -607
501 -197
791 -493
938 14
-390 -765
956 49
-823 -609
592 -711
-251 -73
-935 647
684 -743
-877 121
-354 986
-263 -190
-833 -587
730 -222
-218 -714
-47 902
-961 -841
566 -923
122 482
627 -189
-965 431
913 325
393 -385
-334 -247
107 930
-246 -634
-997 -410
114 746
-42 -132
-373 605
805 856
386 -109
423 -927
-816 -395
137 26
-174 -643
-843 -427
-436 -487
-370 -968
857 400
547 58
219 -622
621 -131
-973 809
-103 -602
109 -369
-358 720
583 -317
-254 -192
-206 -817
48 -873
-562 408
-793 382
206 572
-38 269
-587 45
-350 426
-186 -269
290 82
-768 -994
-198 543
-513 474
956 -368
-124 -792
421 838
-542 -593
954 85
952 410
443 -202
206 389
-306 764
-773 251
-196 15
-382 -186
-89 670
836 -109
155 387
-669 231
-259 -198
749 -449
-525 -556
-470 627
903 -598
705 638
-255 922
877 -443
464 -632
134 -645
947 789
-67 -164
115 -568
-640 -533
-556 519
937 547
277 -804
458 90
-137 277
-903 -284
631 -471
298 288
53 -762
-553 350
452 318
-923 -484
-592 28
-34 362
-137 705
779 789
-275 -463
-462 -774
-672 977
-808 616
-399 -103
741 823
-789 145
887 -222
601 -15
144 -555
-312 -419
140 517
997 928
336 -517
-249 -428
270 835
-715 233
989 -897
-817 -198
386 151
-385 813
-551 -757
644 53
-400 667
486 -454
77 885
-443 -167
713 -565
538 -449
-202 -97
-719 -824
697 953
480 -172
-789 10
-59 543
82 -548
-945 244
966 -778
-725 -393
-623 -753
597 362
-185 -978
-865 684
51 865
422 727
-435 396
322 33
-249 -934
-226 -896
958 674
-858 964
606 384
126 -204
-173 -695
-50 -158
-592 289
709 -432
-127 -747
632 420
25 -440
438 351
-269 757
-281 -809
-276 932
-112 987
-935 -357
551 485
43 15
-410 822
-284 -875
-923 390
-413 721
942 796
254 999
559 -587
32 -207
-373 -831
-693 126
-466 628
209 -420
-79 -213
762 385
244 -94
-76 -252
288 -310
780 599
-388 -89
-831 134
814 -16
372 690
440 13
-556 -199
-846 623
-844 144
961 164
470 -999
-223 384
695 242
962 241
-726 -858
826 -207
173 -617
-152 -728
157 281
202 -92
631 5
-629 -149
-222 776
-711 -992
776 -751
251 -772
-243 501
-149 63
-416 -487
312 -136
-483 265
-117 -326
-999 537
-829 -549
-417 407
-575 699
42 392
-994 295
67 -96
-784 189
-747 277
-105 -94
-474 -935
488 -713
127 798
924 -840
866 511
807 -127
-421 -13
249 -166
506 -219
-903 369
505 -199
-559 -595
-938 754
-957 -815
-86 -914
715 378
360 -771
374 895
-782 132
437 -209
-851 873
37 -766
-437 -819
-503 -943
621 862
-585 434
-230 238
-996 -765
-208 -393
-941 -281
-767 -138
-939 329
-694 486
-575 -596
737 602
972 374
244 -78
422 87
-421 -27
13 -913
-231 -233
195 -211
-639 270
190 944
-58 241
17 551
613 306
-192 -607
-950 -2
-46 356
-794 -213
-50 56
-621 -961
677 -594
454 -863
156 -520
-683 211
-532 -212
878 106
-859 76
-983 -323
-563 198
698 -496
-441 -336
945 438
-395 817
-39 817
668 -995
-474 -992
-223 712
-812 562
539 -348
-482 -395
799 -262
-742 276
-906 -176
-994 92
617 -989
-741 963
505 -533
495 279
454 877
-899 827
897 44
328 -209
99 370
141 581
219 -889
-625 505
311 908
-114 -675
-774 -164
-86 145
930 -623
-456 -179
652 501
-635 429
-812 -563
99 -112
-513 340
658 757
-571 -810
-225 954
-550 -540
515 42
-956 285
-161 -228
-475 -925
-648 -406
48 802
-332 -96
427 159
908 965
181 159
595 324
-143 -20
671 756
-657 677
-685 -13
434 117
-186 -301
878 -834
-296 -21
791 401
368 888
-637 -428
-816 213
-792 207
84 578
537 -610
-430 409
-135 690
901 -873
-76 942
186 137
-314 519
-688 -230
376 -602
-977 303
-861 -926
-633 714
-38 -167
547 -709
525 116
-286 621
-270 -584
982 -661
957 -212
818 -297
821 -871
772 307
-507 84
-682 131
-758 -652
804 -244
903 -436
-134 977
-592 -584
399 110
-36 -717
-30 152
708 279
940 -805
484 401
883 788
1000 -213
-73 282
850 -798
-858 230
-872 991
734 -799
735 -133
3 811
-291 594
424 846
556 -160
715 -324
639 -825
616 571
-624 914
-635 421
231 -800
-191 342
222 -767
-301 -345
-177 -115
-897 109
-902 283
-764 555
351 126
-46 570
-848 -273
-477 -37
583 476
348 288
971 -623
-738 -355
-285 414
-844 -881
585 503
85 -109
263 -823
-173 329
830 -243
196 -955
425 259
963 -207
-506 -601
586 387
917 -467
687 -528
612 348
-24 247
529 -985
433 -489
-883 104
-107 -486
-201 -505
871 843
-348 789
-544 -445
-905 -6
566 -397
812 79
257 -481
32 -166
760 120
-523 960
-218 -379
-14 -219
-579 28
15 778
-23 419
-693 592
-176 -708
973 -847
749 569
255 154
-189 -892
970 256
563 -323
-216 -63
989 -722
-17 652
510 511
-740 351
475 1000
167 -489
-23 -13
422 -277
-925 530
143 386
-961 -409
-560 -897
799 -434
-240 -601
-387 -127
245 -308
-393 189
566 -958
702 -887
212 588
-469 -53
680 436
-645 7
738 -919
-428 944
881 420
257 -122
-732 -932
-862 751
-617 -885
-480 -986
295 481
-680 727
488 650
99 337
416 -920
180 -903
-418 470
537 -345
-936 483
239 54
-745 100
914 240
936 -452
274 -255
857 507
-616 722
930 -111
-241 -958
-396 -156
77 762
698 -479
728 -388
685 -821
-431 -696
-229 855
551 945
-529 -674
-144 -367
-312 -252
195 -66
565 -866
-688 29
749 -91
-729 -628
-62 -939
-170 767
730 -179
-342 378
281 504
101 346
-492 969
-216 -636
741 -349
593 792
-786 -304
960 261
19 -917
38 -376
655 307
229 8
-131 843
-506 -494
-734 -41
665 355
-625 -388
742 580
-221 -323
21 -678
-884 290
245 241
686 -9
612 569
531 149
-375 666
560 -886
-14 641
-885 -273
772 -542
774 921
732 -701
-758 709
-678 321
-456 -581
805 150
850 -301
-72 783
970 -976
78 817
715 841
-191 583
-481 -460
678 -844
980 89
424 177
-453 -933
655 -908
973 96
103 -54
760 -203
220 -685
-190 -921
963 -63
373 592
-489 -895
461 -346
-543 -466
-242 -592
-414 -634
879 469
-407 -838
-454 232
661 954
-886 -860
450 489
689 665
-527 94
-817 -957
337 638
-245 298
-879 -692
-844 823
527 -652
-471 -121
233 759
-481 187
-572 237
144 666
-280 376
-711 749
954 579
-342 440
-294 -229
689 0
208 -996
262 -867
-217 -159
296 -306
467 955
389 692
340 611
-511 -469
545 222
314 -85
703 607
-655 -436
438 -375
-647 -454
-903 116
426 -69
298 -165
600 -394
691 -876
-77 -300
278 444
446 -161
-826 809
500 87
-359 565
-469 971
97 996
-796 573
-853 -328
667 -355
41 -698
766 741
-449 152
740 581
-887 -924
328 782
499 -403
607 -79
-584 -956
919 343
-508 -44
-747 325
424 -727
-369 -448
423 836
615 -921
-84 274
-650 533
-488 -837
138 -212
962 456
466 -54
-808 9
-903 478
-856 -858
54 -152
209 59
188 32
987 -717
-54 -98
633 -784
655 591
136 -917
757 399
87 -379
-162 983
446 869
-740 569
258 -259
