50 200
74 380
241 -727
-935 -334
-942 820
537 983
-945 -154
-790 122
-237 485
351 903
-67 932
403 155
-909 -1
390 898
366 482
-902 886
429 -172
-718 -666
-856 873
-249 384
973 269
-912 468
-776 602
621 536
185 -722
-253 -84
652 80
-761 -754
760 708
811 845
-603 819
-680 166
-344 -501
-302 952
-205 416
50 -674
-25 179
-163 456
-291 -113
-561 -174
551 194
-201 650
-112 -878
-145 -980
-62 -886
288 -584
-986 -434
43 -985
1 -540
-595 -364
-571 371
955 -793
980 -753
981 -669
965 -881
974 -974
861 -738
838 -791
965 -871
925 -686
914 -917
875 -689
876 -791
921 -895
852 -906
947 -864
944 -694
969 -590
895 -761
815 -756
933 -640
962 -992
863 -862
826 -744
794 -793
993 -900
936 -937
869 -883
889 -709
905 -904
960 -734
980 -697
924 -907
904 -751
858 -889
906 -685
828 -844
915 -750
945 -672
967 -905
912 -791
902 -951
873 -887
982 -589
945 -756
899 -929
830 -765
880 -688
874 -759
797 -780
972 -762
954 -641
988 -933
906 -854
942 -926
1000 -644
887 -807
791 -792
970 -702
932 -662
943 -889
966 -619
987 -745
845 -729
804 -788
793 -775
975 -688
994 -907
889 -797
968 -891
978 -596
909 -864
960 -730
982 -698
968 -913
994 -740
830 -758
938 -756
841 -746
965 -714
873 -800
996 -839
894 -892
927 -830
846 -811
769 -814
938 -891
999 -943
996 -892
875 -910
930 -634
984 -674
957 -680
941 -831
852 -758
949 -952
833 -808
895 -925
949 -780
949 -621
851 -868
973 -801
846 -743
983 -833
934 -830
857 -895
958 -757
857 -762
766 -802
956 -714
876 -693
906 -853
984 -701
854 -745
906 -914
959 -962
826 -801
959 -649
895 -841
973 -688
890 -849
992 -809
947 -813
784 -818
956 -822
966 -602
971 -761
876 -893
848 -820
959 -908
975 -716
854 -842
953 -676
958 -985
875 -904
867 -850
859 -880
975 -978
907 -711
993 -766
945 -628
962 -957
922 -672
948 -804
972 -803
801 -829
946 -914
918 -959
872 -706
890 -790
896 -776
872 -740
916 -721
919 -973
886 -920
790 -808
875 -859
826 -828
924 -887
972 -711
997 -730
984 -835
831 -842
858 -909
826 -842
990 -918
865 -902
890 -677
941 -812
875 -695
836 -733
905 -804
928 -702
844 -822
961 -947
972 -734
853 -726
976 -923
844 -730
925 -883
993 -741
969 -828
921 -858
981 -635
914 -815
909 -712
800 -826
937 -761
917 -868
946 -914
870 -787
899 -875
844 -793
956 -795
971 -847
832 -754
955 -925
983 -813
904 -732
919 -833
923 -888
996 -812
