100 10
666 945 945 648 469 447 46 185 279 822 735 790 310 431 645 291 155 952 586 253 364 759 21 128 139 993 882 971 723 371 381 104 512 565 266 954 591 887 711 92 743 969 710 842 411 501 872 293 683 144 690 296 696 451 231 187 422 304 970 567 744 715 186 911 551 662 856 110 825 551 484 678 292 916 185 276 668 262 514 129 701 188 664 952 392 782 812 695 405 557 930 47 232 862 621 272 761 696 401 272 
49 86 13
50 28 34
90 10 24
45 71 38
82 92 93
1 60 39
42 20 4
32 36 79
16 14 25
25 24 21
8 30 74
87 97 65
18 70 39
74 26 98
23 76 14
97 25 39
25 50 68
33 64 42
76 35 17
94 83 83
14 89 84
19 33 45
55 42 92
72 75 64
49 72 65
71 40 85
65 17 49
67 69 42
5 78 79
21 19 62
66 68 8
3 9 68
97 57 12
76 11 61
48 61 2
5 51 41
77 34 76
10 95 61
28 66 76
74 47 78
16 44 56
0 79 42
9 74 51
20 2 16
56 88 33
79 91 80
56 16 10
63 67 74
77 5 62
65 82 31
38 53 86
33 54 63
73 27 45
81 90 34
43 84 61
42 38 35
61 62 11
62 7 7
55 77 33
79 65 19
15 59 22
99 58 29
88 21 74
91 99 43
9 52 17
61 23 2
21 55 26
48 80 15
71 39 9
19 6 59
92 18 81
1 46 95
2 29 1
91 1 85
99 98 97
82 81 80
14 3 18
51 85 94
24 22 30
98 93 68
44 63 32
58 12 98
88 87 79
17 37 55
22 32 15
0 56 68
43 73 95
23 94 18
44 48 35
17 13 65
22 49 98
31 96 91
64 41 78
87 4 73
38 8 6
81 31 83
66 15 43
90 43 99
31 45 56
