50 2
666 945 945 648 469 447 46 185 279 822 735 790 310 431 645 291 155 952 586 253 364 759 21 128 139 993 882 971 723 371 381 104 512 565 266 954 591 887 711 92 743 969 710 842 411 501 872 293 683 144 
48 32 16
0 24 51
24 30 41
34 37 37
8 31 18
15 10 26
11 14 75
35 45 25
23 17 45
37 39 21
19 3 89
13 19 23
16 22 22
41 6 17
38 5 40
25 49 62
28 21 39
36 44 68
21 11 49
45 4 57
26 48 59
5 34 39
10 42 33
2 46 98
30 36 57
46 15 10
14 20 56
17 16 56
18 2 42
33 23 15
43 41 95
39 1 58
12 40 29
44 28 60
47 25 2
32 13 40
27 43 48
9 18 68
40 29 7
4 33 9
1 12 21
20 26 76
7 27 35
31 9 17
6 8 57
49 35 61
29 47 3
3 38 58
22 7 46
