100 70
82 789 546 953 642 180 191 236 328 336 834 709 604 182 454 987 888 985 674 250 422 55 509 191 397 695 893 839 663 327 282 439 322 903 63 38 556 274 142 670 62 799 381 343 673 524 91 174 583 21 586 345 396 172 955 344 149 37 649 780 46 223 683 995 342 365 556 984 679 473 145 904 393 760 310 801 700 13 135 598 824 618 908 177 750 941 565 910 557 322 934 695 993 948 344 506 442 879 929 294 
55 99 70
14 12 98
55 10 48
20 34 58
11 21 46
60 83 21
40 22 43
93 88 11
76 82 43
56 94 30
9 19 96
69 13 7
64 16 2
75 25 59
93 20 32
44 79 80
42 36 64
27 32 26
92 27 62
81 84 40
84 45 31
90 97 57
62 69 99
75 37 45
79 38 58
90 43 24
99 78 75
14 41 92
13 26 18
89 86 37
30 15 54
16 91 20
44 76 64
9 89 54
38 61 41
78 23 2
77 55 98
99 51 76
88 3 82
81 30 85
77 40 76
5 4 26
22 24 97
8 77 39
37 92 1
87 1 2
85 2 11
40 81 69
25 46 98
64 87 66
73 44 75
47 90 65
8 18 60
84 52 2
18 71 70
87 47 95
6 66 8
28 64 30
85 6 41
28 49 26
23 67 92
17 53 16
37 50 19
46 85 72
88 74 43
51 56 27
71 11 6
0 9 68
91 29 16
12 98 23
54 17 69
71 62 14
20 33 76
63 39 55
98 58 67
80 54 86
76 70 60
46 8 60
19 14 80
19 80 98
6 93 29
69 95 15
16 96 54
54 5 53
59 57 97
92 59 58
89 48 88
80 42 97
45 72 78
62 63 85
25 28 51
63 65 50
82 60 86
23 68 44
43 31 9
42 73 92
0 75 16
39 7 50
59 35 21
