100 80
315 165 117 74 973 906 28 297 155 905 596 26 39 238 873 496 44 242 361 26 514 35 688 579 807 794 414 480 486 862 447 19 551 254 550 691 409 490 504 262 92 524 379 930 269 28 305 940 67 417 111 320 279 327 209 404 845 823 571 38 731 317 433 845 194 150 549 571 358 777 517 10 770 338 296 248 396 538 352 329 888 925 98 241 588 397 926 642 238 36 598 149 441 171 21 612 256 638 612 371 
60 74 3
21 52 47
46 88 31
22 20 26
31 55 99
27 40 20
29 27 92
35 39 24
33 94 55
73 9 1
44 29 32
38 86 48
59 87 69
70 43 40
86 31 76
28 65 41
58 53 98
36 13 26
78 12 90
7 21 19
23 98 63
18 14 17
77 28 64
48 90 21
84 24 85
25 80 93
49 26 40
41 51 88
90 16 75
47 57 75
45 15 21
14 37 47
56 32 6
99 33 59
80 83 40
83 34 55
10 5 87
95 82 51
50 97 98
30 3 1
11 69 72
53 68 73
39 71 63
63 92 92
16 63 37
37 2 94
54 42 56
71 89 48
69 19 22
55 41 51
32 25 92
65 38 78
85 79 21
19 81 91
89 44 26
15 84 12
8 35 6
67 66 59
57 99 85
43 48 23
1 30 51
40 45 3
6 1 83
79 46 21
81 67 50
74 6 100
4 64 68
9 72 12
61 70 20
97 4 33
0 54 4
26 7 45
64 47 60
17 22 77
2 78 92
51 10 58
82 91 59
13 50 6
92 77 87
42 18 24
76 17 70
93 8 9
87 73 80
5 75 38
88 56 87
66 96 93
3 49 78
62 60 10
94 95 8
12 58 5
72 76 84
91 61 52
98 36 80
96 62 55
52 93 83
24 23 97
68 59 73
75 85 81
20 11 79
