100 99
17 768 707 862 941 545 948 312 172 151 807 372 561 745 436 670 664 411 465 902 148 853 796 963 595 996 803 986 893 769 376 299 533 562 442 50 671 213 241 711 277 977 46 417 613 262 623 746 622 647 567 890 806 760 57 945 635 137 512 360 558 309 660 201 912 502 277 134 15 369 273 551 396 882 341 464 92 59 190 397 520 745 511 407 971 444 309 160 650 889 210 954 771 982 418 455 986 684 370 14 
45 96 96
97 49 84
62 3 49
80 17 64
14 91 3
46 9 14
97 70 80
33 26 9
60 43 45
31 12 79
40 79 45
75 18 42
48 14 43
45 2 27
89 21 36
89 27 58
10 38 97
4 83 79
47 25 30
95 15 92
20 93 83
94 90 89
45 31 71
53 84 79
54 62 23
2 56 96
20 28 38
24 23 98
2 40 79
74 37 46
93 97 57
66 74 99
64 11 84
98 51 40
30 88 8
13 46 16
66 36 3
41 53 46
53 87 80
51 78 6
95 47 44
95 55 1
96 32 27
0 45 231
82 67 40
22 86 100
47 80 16
75 6 74
13 82 11
82 63 74
92 65 69
2 30 15
46 33 35
86 59 34
99 77 29
45 13 95
89 72 16
6 34 100
75 98 93
35 85 48
1 81 2
0 7 20
99 29 11
46 39 7
30 50 69
25 52 47
0 22 88
45 57 42
76 94 77
1 16 91
75 20 48
82 4 97
2 54 48
89 5 13
4 99 12
9 48 31
46 41 21
63 10 54
20 92 84
71 75 20
47 19 36
82 95 69
24 71 70
35 73 36
54 76 72
0 44 64
82 89 79
47 1 82
89 8 14
27 61 41
0 68 49
67 58 69
49 35 60
27 64 8
75 60 96
67 66 77
79 69 64
13 24 94
0 42 68
