1440 1512
0 27
0 677
1 1365
1 1382
2 452
2 983
3 542
3 844
4 333
4 694
5 688
5 775
6 982
6 1365
7 934
7 1209
8 550
8 619
9 815
9 1181
10 617
10 657
11 514
11 998
12 479
12 639
13 897
13 902
14 158
14 646
15 1346
15 1401
16 878
16 1063
17 545
17 661
18 687
18 1160
19 376
19 1046
20 627
20 1124
21 384
21 810
22 252
22 696
23 35
23 284
24 380
24 613
24 784
24 914
25 628
25 726
26 780
26 1171
27 236
28 413
28 652
29 254
29 1035
30 52
30 388
31 629
31 803
32 270
32 773
33 427
33 706
34 565
34 1309
35 1214
36 474
36 1091
37 1165
37 1191
38 183
38 868
39 159
39 752
40 356
40 1018
41 232
41 780
42 973
42 1272
43 181
43 260
44 906
44 952
45 155
45 462
46 390
46 756
47 732
47 1151
48 1078
48 1246
49 494
49 1023
50 617
50 860
51 911
51 984
52 916
53 337
53 1405
54 900
54 979
55 170
55 662
56 291
56 301
57 342
57 1140
58 544
58 1310
59 117
59 1211
60 371
60 944
61 96
61 421
62 350
62 1427
63 122
63 379
64 923
64 975
65 292
65 1273
66 750
66 993
67 653
67 1104
68 1095
68 1174
69 1154
69 1212
70 124
70 796
71 455
71 887
72 937
72 1180
73 251
73 1373
74 233
74 1073
75 594
75 788
75 831
75 1117
76 730
76 917
77 513
77 1222
78 484
78 1022
79 409
79 948
80 426
80 1330
81 347
81 691
82 637
82 1391
83 277
83 405
84 261
84 1076
85 456
85 1327
86 241
86 689
87 597
87 849
88 148
88 556
88 741
88 1179
89 1253
89 1335
90 255
90 1268
91 233
91 921
92 826
92 900
93 116
93 477
94 318
94 1013
95 1388
95 1437
96 188
97 286
97 1426
98 447
98 1362
99 774
99 835
100 828
100 1195
101 442
101 1370
102 767
102 1307
103 505
103 807
104 1103
104 1420
105 1047
105 1396
106 800
106 908
107 172
107 1257
108 275
108 306
109 301
109 855
109 1028
109 1199
110 384
110 842
111 343
111 641
112 421
112 790
112 806
112 845
113 933
113 1299
114 352
114 799
115 167
115 488
115 840
115 1147
116 235
117 1099
118 288
118 1138
119 531
119 676
120 1092
120 1204
121 382
121 1073
122 299
123 1087
123 1316
124 1163
125 641
125 725
126 222
126 964
127 339
127 603
128 647
128 1122
129 727
129 1363
130 469
130 775
131 229
131 998
132 981
132 1170
133 1369
133 1424
134 1000
134 1232
135 541
135 1123
136 817
136 857
137 280
137 282
138 402
138 1161
139 704
139 1354
140 366
140 1047
141 229
141 716
142 459
142 913
143 356
143 1361
144 164
144 332
145 608
145 1145
146 168
146 829
147 682
147 1129
148 1169
149 422
149 1164
150 500
150 694
151 769
151 1301
152 492
152 1023
153 823
153 825
154 476
154 1410
155 585
156 222
156 892
157 798
157 801
158 716
159 525
160 969
160 1427
161 437
161 1279
162 321
162 991
163 910
163 1192
164 1172
165 402
165 1322
166 415
166 861
167 658
168 659
169 262
169 532
170 1423
171 768
171 1193
172 1325
173 784
173 1124
174 707
174 1017
175 199
175 1040
176 715
176 1117
177 302
177 683
178 528
178 708
179 360
179 964
180 305
180 632
180 648
180 774
181 1069
182 339
182 783
183 1306
184 437
184 1247
185 399
185 1267
186 521
186 630
187 557
187 725
188 447
189 1294
189 1394
190 431
190 1225
191 963
191 1307
192 386
192 1288
193 830
193 876
194 322
194 1330
195 686
195 1153
196 967
196 1327
197 604
197 734
198 717
198 1299
199 942
200 257
200 1219
201 204
201 1182
202 1012
202 1415
203 1090
203 1321
204 1360
205 608
205 1378
206 332
206 501
206 1061
206 1135
207 217
207 612
208 243
208 815
209 852
209 859
210 1199
210 1247
211 1164
211 1391
212 470
212 1153
212 1349
212 1414
213 383
213 664
214 891
214 1263
215 391
215 791
216 385
216 955
217 958
217 1065
217 1075
218 1106
218 1280
219 1133
219 1388
220 670
220 754
221 1114
221 1312
223 720
223 1351
224 580
224 602
225 274
225 1101
226 369
226 881
226 956
226 1340
227 589
227 1359
228 911
228 1434
230 365
230 563
231 1083
231 1326
232 611
234 701
234 1252
235 371
236 762
237 962
237 1157
238 702
238 851
239 605
239 712
240 614
240 745
241 287
242 258
242 1039
243 1390
244 752
244 1108
245 574
245 1118
246 595
246 660
247 711
247 1100
248 315
248 759
249 1031
249 1223
250 293
250 588
251 870
252 1323
253 316
253 1146
254 522
255 558
256 656
256 1290
257 1143
258 496
259 1228
259 1402
260 926
261 389
262 724
262 833
262 1099
263 800
263 838
263 932
263 1042
264 907
264 1241
265 390
265 1068
266 498
266 1016
267 496
267 1419
268 511
268 839
269 586
269 1015
270 1292
271 576
271 1371
272 540
272 1092
273 1304
273 1394
274 1000
275 1302
276 1326
276 1413
277 824
278 387
278 747
279 295
279 845
280 869
281 621
281 1417
282 1019
283 1238
283 1367
284 397
285 533
285 944
286 1285
287 683
288 364
289 972
289 1229
290 764
290 1037
291 931
292 499
292 1029
292 1411
293 336
293 351
293 1022
294 554
294 790
295 362
296 493
296 788
297 483
297 668
297 773
297 868
298 452
298 499
299 1390
300 702
300 1295
302 730
303 638
303 840
304 624
304 1014
305 578
306 1056
307 443
307 936
308 491
308 550
309 1313
309 1325
310 1333
310 1362
311 394
311 883
312 444
312 795
313 567
313 932
314 948
314 1221
315 1053
316 849
317 573
317 739
318 375
319 341
319 802
320 599
320 663
321 717
322 1410
323 391
323 1383
324 411
324 504
325 587
325 1355
326 968
326 1331
327 410
327 1334
328 618
328 1241
329 620
329 895
330 443
330 1350
331 518
331 957
333 353
334 1024
334 1183
335 489
335 1411
336 740
337 478
338 1252
338 1381
340 352
340 731
341 803
342 509
343 508
344 373
344 426
345 757
345 981
346 1113
346 1220
347 378
348 898
348 1256
349 978
349 1148
350 1213
351 1080
353 899
354 924
354 958
355 812
355 1218
357 472
357 1337
358 804
358 949
358 1354
358 1435
359 802
359 1320
360 1312
361 584
361 1151
362 458
363 414
363 695
363 1043
363 1100
364 1397
365 1062
366 782
367 566
367 1219
368 393
368 1082
369 813
370 517
370 746
371 473
371 928
372 903
372 970
373 1098
374 949
374 1088
375 1077
376 1194
377 854
377 1417
378 1358
379 1044
380 1309
381 1006
381 1375
382 1305
383 1051
385 1324
386 577
387 1259
387 1285
387 1361
388 1404
389 1142
392 400
392 444
393 986
394 1050
395 424
395 1230
396 878
396 1005
397 971
398 652
398 983
399 408
400 1189
401 687
401 877
403 699
403 1163
404 650
404 1244
405 909
406 1002
406 1183
407 1208
407 1296
408 1382
409 673
410 826
411 867
412 856
412 1083
413 869
414 787
415 1158
416 930
416 1131
417 1138
417 1339
418 726
418 1204
419 590
419 1302
420 627
420 863
422 1119
423 513
423 552
424 1367
425 1034
425 1197
427 552
427 1133
427 1185
428 511
428 1261
429 908
429 1159
430 450
430 1167
431 1299
432 1239
432 1330
433 596
433 989
434 953
434 1194
435 839
435 1317
436 853
436 896
438 680
438 963
439 571
439 1001
440 515
440 601
441 509
441 531
442 631
445 664
445 875
446 789
446 1071
448 1072
448 1419
449 690
449 1409
450 727
451 1027
451 1395
453 644
453 994
454 993
454 1105
455 880
456 806
457 847
457 890
458 463
459 474
460 574
460 1232
461 625
461 1118
461 1188
461 1358
462 1040
463 902
464 472
464 1057
464 1150
464 1345
465 1085
465 1281
466 1262
466 1347
467 1011
467 1271
468 485
468 1273
469 1376
470 519
471 1079
471 1317
473 1186
475 681
475 1351
476 848
477 588
478 834
478 971
478 1313
479 632
480 733
480 1188
481 668
481 1008
482 639
482 1335
483 692
484 1359
485 549
486 936
486 1044
487 643
487 1155
488 1168
489 945
490 593
490 1352
491 512
492 1422
493 1038
494 1343
495 1079
495 1256
497 607
497 1436
498 924
500 1160
501 1323
502 889
502 1397
503 970
503 980
503 1196
503 1364
504 1177
505 1280
506 564
506 591
507 920
507 1086
508 1254
510 770
510 1116
512 540
514 1259
515 832
516 630
516 802
517 1106
518 636
519 766
520 1003
520 1425
521 748
522 1254
523 1109
523 1112
524 1041
524 1400
525 1167
526 946
526 1080
527 792
527 947
528 961
529 658
529 1245
530 718
530 865
531 1074
531 1332
532 1087
533 820
534 650
534 669
534 1287
534 1315
535 1155
535 1264
536 1238
536 1357
537 1030
537 1084
538 689
538 960
539 693
539 918
541 914
542 1048
543 642
543 1269
544 1308
545 887
546 647
546 1392
547 859
547 1364
548 1129
548 1130
549 1207
550 553
550 1213
551 1272
551 1318
553 1274
554 567
555 1111
555 1174
556 996
557 731
558 1337
559 625
559 1053
560 795
560 1342
561 1357
561 1437
562 791
562 954
563 1032
564 1054
564 1257
564 1424
565 1227
566 669
568 1176
568 1248
569 778
569 1237
570 783
570 1016
571 1049
572 589
572 705
572 962
572 1393
573 1377
573 1385
573 1412
575 822
575 1046
576 836
576 952
576 1052
577 816
578 799
579 904
579 1262
580 847
581 678
581 762
582 698
582 830
583 912
583 1214
584 760
585 692
586 1125
587 931
590 978
591 1282
592 607
592 956
593 1255
594 957
595 1176
596 697
597 874
598 746
598 1071
599 1132
600 951
600 1320
601 918
602 936
603 1428
604 1332
605 609
606 937
606 976
609 1398
610 618
610 841
611 1184
612 684
613 1270
614 1310
615 1068
615 1120
616 871
616 1149
619 714
620 802
621 1295
622 714
622 1363
623 935
623 1216
624 921
626 927
626 1408
628 1414
629 758
631 933
633 1158
633 1404
634 766
634 1371
635 1173
635 1249
636 980
637 738
638 812
640 794
640 888
642 1419
643 1134
644 1269
645 929
645 1075
646 1168
648 785
649 820
649 1132
651 966
651 1338
652 899
652 1051
653 866
654 895
654 917
655 886
655 1366
656 864
657 731
659 1317
660 1291
661 1094
662 960
663 1157
665 989
665 1230
666 893
666 1222
667 884
667 913
667 1090
667 1206
670 1270
671 719
671 761
672 855
672 1184
673 896
674 1010
674 1011
675 686
675 1229
676 1374
677 1181
678 1021
679 1251
679 1336
680 1056
681 827
682 749
684 1246
685 777
685 1065
688 1045
689 1198
689 1387
690 1216
691 1393
693 713
695 1305
696 907
697 1298
698 721
699 857
700 777
700 787
701 740
703 1148
703 1319
704 1141
705 1392
706 1406
707 922
708 749
709 1102
709 1372
710 1172
710 1253
711 1374
712 1165
713 1096
715 1215
718 737
719 1110
720 1036
721 1089
722 751
722 1019
723 756
723 860
724 1197
728 870
728 982
729 927
729 1260
731 1250
732 1210
733 769
734 1020
735 1135
735 1141
736 771
736 1277
737 1255
738 1376
739 1178
741 1400
742 974
742 1345
743 793
743 814
744 954
744 1159
745 1200
747 892
748 912
750 1107
751 894
752 848
752 1210
753 1063
753 1398
754 776
755 1031
755 1415
756 851
756 1286
757 1207
758 1180
759 1381
760 969
760 1432
760 1433
761 1276
763 1235
763 1407
764 1239
765 986
765 997
767 1240
768 1300
770 995
771 901
772 780
772 1007
776 789
778 1297
779 811
779 885
780 1235
781 831
781 1217
782 1370
785 1228
786 1025
786 1380
792 797
793 1018
794 861
794 979
794 1060
796 811
797 1382
798 873
801 1093
804 867
805 1179
805 1368
807 1242
808 1166
808 1416
809 916
809 1007
810 1293
813 1134
814 852
816 1140
817 1019
818 1243
818 1375
819 1341
819 1386
821 936
821 1058
822 941
823 1193
824 925
825 1145
827 838
828 1380
829 1126
832 1017
833 1001
834 1384
835 854
836 889
837 1013
837 1346
841 1144
842 967
842 1187
842 1383
843 903
843 1266
844 950
846 1203
846 1406
850 1164
850 1227
853 1415
856 1366
858 1112
858 1389
862 1101
862 1281
863 871
864 1403
865 1203
866 1050
872 1042
872 1306
873 1283
874 1043
875 1089
876 1322
877 905
879 991
879 1017
880 943
881 1303
882 1338
882 1418
883 1275
884 1121
885 1185
886 1178
888 1403
890 1067
891 1395
893 1094
893 1202
893 1298
894 1200
897 1401
898 1128
901 1389
904 1055
905 1357
906 1439
909 1245
910 1096
915 1149
915 1221
919 1226
919 1412
920 1036
922 1336
923 1081
925 1119
926 1137
928 1284
929 1288
930 1032
934 1189
935 1038
938 1209
938 1402
939 1008
939 1333
940 948
940 1356
941 990
942 974
943 1223
945 1190
946 1373
947 1353
948 1352
950 1187
951 1162
953 1240
955 976
959 1107
959 1290
961 1128
964 1218
964 1248
965 1324
965 1329
966 1062
968 1106
972 1069
973 1321
975 1284
977 1115
977 1301
984 1128
985 1009
985 1114
987 1041
987 1349
988 1147
988 1236
990 1390
992 1251
992 1289
994 1307
995 1377
996 1170
997 1319
999 1064
999 1106
1000 1144
1000 1177
1002 1209
1003 1344
1004 1211
1004 1264
1005 1175
1005 1399
1005 1423
1006 1289
1009 1242
1010 1279
1012 1123
1013 1021
1013 1026
1014 1258
1015 1143
1017 1408
1019 1347
1020 1059
1024 1061
1025 1070
1026 1293
1027 1433
1028 1127
1029 1097
1030 1438
1033 1265
1033 1311
1034 1421
1035 1209
1037 1265
1039 1234
1045 1152
1048 1067
1049 1074
1052 1314
1054 1360
1055 1357
1057 1436
1058 1077
1059 1268
1060 1116
1064 1156
1066 1142
1066 1304
1070 1143
1072 1422
1076 1148
1078 1237
1081 1105
1082 1111
1084 1115
1085 1122
1086 1224
1088 1342
1091 1291
1093 1315
1095 1128
1097 1308
1098 1287
1102 1180
1103 1290
1104 1419
1108 1344
1109 1250
1110 1304
1113 1202
1120 1278
1121 1426
1125 1348
1126 1231
1127 1205
1130 1244
1131 1317
1136 1190
1136 1322
1137 1322
1139 1143
1139 1434
1146 1316
1148 1231
1150 1421
1152 1415
1154 1382
1156 1236
1161 1169
1162 1399
1164 1208
1166 1314
1171 1430
1173 1278
1175 1192
1180 1191
1182 1286
1186 1267
1195 1261
1196 1271
1198 1260
1201 1372
1201 1384
1205 1217
1206 1266
1212 1420
1215 1431
1220 1356
1224 1340
1225 1297
1226 1407
1233 1276
1233 1307
1234 1390
1237 1243
1237 1258
1249 1405
1263 1379
1274 1439
1275 1294
1277 1282
1283 1425
1290 1413
1292 1303
1296 1331
1299 1428
1300 1330
1304 1418
1311 1348
1318 1431
1328 1341
1328 1429
1329 1369
1334 1353
1339 1368
1343 1350
1355 1386
1378 1432
1379 1416
1385 1429
1387 1396
1409 1430
1435 1438
