190 190
0 113
0 119
1 20
1 185
2 46
3 142
4 62
4 189
5 35
5 105
5 167
6 77
6 183
7 185
8 11
8 31
9 32
9 108
10 51
10 124
10 128
11 25
12 92
12 154
13 42
13 68
14 82
14 125
14 129
15 17
15 41
15 139
16 28
16 163
17 116
18 70
18 145
19 140
19 151
19 162
20 121
21 110
22 122
23 53
23 60
24 152
24 184
25 113
26 78
26 120
26 164
26 172
26 187
27 64
27 81
27 119
28 75
29 117
29 121
30 49
30 59
30 146
31 167
32 74
32 152
33 83
33 131
33 138
34 91
36 40
36 171
37 107
38 108
39 42
39 180
40 69
40 88
41 79
42 97
43 153
43 181
44 112
44 119
44 137
45 56
45 184
46 125
46 177
47 153
48 87
48 118
49 80
50 57
50 78
52 99
52 156
53 124
54 171
54 174
55 129
56 158
57 76
58 128
58 141
58 143
59 66
60 169
61 79
61 178
62 73
62 114
63 116
65 132
65 149
66 133
67 99
67 111
68 71
69 107
70 127
71 84
72 114
73 170
75 126
75 148
76 91
77 185
78 93
80 182
84 123
85 149
85 159
86 99
86 168
86 176
87 122
89 91
89 117
90 99
91 96
92 155
94 144
95 139
98 163
100 103
100 116
100 162
101 123
101 173
102 115
104 105
104 150
106 183
107 186
108 142
109 181
110 114
110 161
111 165
111 186
112 175
115 155
115 173
116 136
118 163
122 166
127 159
129 188
130 142
130 183
131 150
132 179
133 175
134 167
135 171
138 144
140 154
141 189
144 181
145 166
147 174
147 182
148 164
153 157
157 180
158 160
160 177
161 188
169 179
176 178
