1091 1099
0 180
1 1081
2 322
2 520
2 727
3 19
3 21
3 381
3 433
3 599
3 742
4 155
4 469
5 945
5 1024
6 116
6 198
6 509
7 40
7 286
7 616
8 265
9 126
9 628
10 934
11 223
11 261
12 695
13 612
14 612
14 882
15 476
16 883
16 1036
17 678
18 65
18 1005
20 764
22 545
22 812
22 874
22 911
23 112
23 360
24 41
25 958
26 326
26 456
26 1061
27 235
28 755
29 328
30 278
30 964
30 1048
31 1057
32 484
32 523
32 697
33 890
34 217
35 181
36 459
37 529
38 280
39 284
39 1026
40 356
40 649
40 889
40 934
40 987
40 1023
41 529
42 971
43 588
44 455
45 85
45 90
45 270
46 931
47 992
48 652
48 654
49 649
50 254
50 400
51 238
51 390
52 140
52 401
52 875
53 77
54 800
55 812
56 101
56 292
57 265
58 167
58 649
59 696
59 1021
60 542
61 230
61 276
61 454
61 656
61 670
61 751
61 792
61 904
62 196
63 674
64 203
64 522
65 431
65 674
65 753
65 907
66 468
66 617
66 658
66 926
67 657
68 265
68 709
69 114
70 148
70 287
71 933
71 995
72 301
72 502
73 204
73 893
74 555
75 273
75 539
76 743
77 753
78 1034
79 232
79 238
79 406
79 877
80 91
80 127
80 268
80 455
80 464
80 604
81 187
81 676
82 529
83 683
84 572
84 598
85 247
85 292
86 769
86 824
87 414
87 654
88 178
89 346
89 794
90 686
92 640
93 319
94 575
95 528
95 549
95 1064
96 99
96 104
96 715
97 332
97 633
98 342
98 593
99 614
100 355
100 687
101 318
102 775
102 885
102 932
103 180
103 780
104 233
104 1024
105 118
105 813
106 484
106 890
106 1018
107 968
108 331
108 680
108 919
109 281
109 552
110 116
110 339
111 630
111 971
112 514
112 869
112 1025
113 1045
114 612
114 914
115 949
117 759
117 1026
118 492
118 520
118 699
119 131
120 1018
121 337
121 557
121 954
122 896
123 298
123 428
123 1085
124 485
124 1048
125 343
125 896
126 420
127 506
127 695
127 970
128 263
128 764
129 494
129 764
130 852
131 781
132 470
133 1070
134 186
134 431
134 473
134 575
134 997
135 663
136 579
137 469
137 671
138 807
139 320
139 1002
140 260
140 610
140 785
141 266
141 743
141 1066
142 218
142 547
143 445
143 913
144 435
144 915
145 755
145 1046
146 245
146 1026
147 193
147 217
148 783
149 777
149 953
150 1035
151 726
151 896
152 214
152 239
152 292
152 328
152 498
152 517
152 726
152 757
152 795
152 991
153 738
153 760
154 375
154 597
155 427
156 297
156 706
156 902
157 187
157 825
158 536
158 740
159 161
159 174
160 661
161 894
162 541
162 601
163 400
163 472
164 262
164 689
164 706
165 295
165 393
165 802
166 227
166 347
166 850
168 308
168 867
169 186
170 237
170 504
171 843
172 375
172 1027
173 211
173 501
174 297
174 948
175 705
175 844
176 547
177 996
178 945
178 956
179 542
179 550
179 968
180 417
180 533
180 830
180 877
180 1060
181 325
181 679
181 1029
182 596
182 877
182 951
183 192
183 495
183 645
184 582
184 613
185 219
185 341
188 345
188 695
188 857
189 459
189 539
189 851
189 940
190 230
190 618
190 855
191 382
192 809
193 624
193 1063
194 533
194 837
195 317
195 585
195 732
196 583
196 1087
197 552
198 202
198 766
199 787
200 335
200 397
200 690
201 491
201 1002
203 206
203 560
204 541
205 292
207 481
207 493
207 536
208 243
209 673
210 884
210 915
212 756
213 280
213 692
214 538
215 772
216 475
216 930
217 949
218 909
219 330
220 367
220 609
220 717
221 393
222 588
222 973
223 515
223 878
224 718
224 905
224 936
224 1082
225 806
225 859
226 302
226 582
227 259
227 756
228 605
229 577
230 465
230 806
230 1065
231 373
231 395
231 623
231 739
234 847
235 454
236 389
236 424
236 441
236 477
236 653
236 781
236 833
237 800
238 738
240 912
241 1035
242 996
243 447
243 726
244 257
245 365
246 931
247 749
248 421
248 748
248 965
249 968
250 274
250 460
250 568
251 1036
252 311
252 753
253 272
253 811
254 972
255 978
255 992
256 828
256 1014
256 1015
257 636
257 773
257 819
258 850
261 475
263 685
264 315
264 761
265 960
267 488
268 1062
269 383
269 1084
271 583
272 527
272 886
273 740
273 799
274 872
275 879
277 467
277 774
278 546
279 835
279 1070
281 306
281 468
282 689
283 293
283 916
285 660
285 746
286 606
286 675
286 968
286 1006
287 516
288 972
289 322
289 590
290 939
290 1068
291 1084
291 1089
292 753
292 888
293 762
293 841
293 940
294 424
294 458
295 759
296 555
296 589
298 816
299 1006
300 1075
301 774
302 996
302 1020
303 354
303 796
303 995
304 611
305 644
306 1009
307 1059
308 556
309 861
310 737
310 1080
312 805
313 937
314 661
314 721
315 849
316 611
316 723
316 954
317 447
319 528
319 560
319 777
320 946
321 850
323 420
323 482
324 607
324 786
325 499
325 753
326 810
327 540
327 898
328 579
328 743
329 840
329 922
330 559
332 900
332 919
333 415
334 780
335 963
335 1000
336 442
336 599
337 350
337 634
337 797
338 862
340 646
340 986
341 621
342 844
343 372
344 574
345 407
345 1052
346 383
347 438
347 769
347 795
348 380
348 448
348 694
349 486
349 695
349 846
351 888
352 485
353 968
354 451
355 429
356 642
357 768
358 851
359 535
360 379
360 770
361 803
362 750
363 560
364 445
364 854
366 833
368 797
369 620
370 1034
371 547
371 947
372 691
374 631
375 474
376 555
377 977
377 1081
378 511
378 761
381 719
382 726
382 929
382 937
384 674
385 860
386 659
387 473
388 757
391 454
392 828
393 702
394 816
394 957
394 1014
395 847
396 720
397 525
398 663
399 498
401 727
402 675
403 408
403 976
404 764
405 594
405 822
405 1088
407 931
407 998
408 518
408 1075
409 829
409 965
410 436
410 489
411 786
411 946
412 734
412 763
413 417
413 918
414 901
415 431
415 479
415 588
415 672
415 832
416 1072
417 864
417 967
418 490
419 819
421 745
422 432
422 961
423 557
425 611
426 547
426 672
426 871
427 524
428 1088
429 446
430 588
432 924
433 591
434 770
435 543
436 1043
437 915
439 761
440 721
440 947
441 598
441 631
442 739
442 1017
443 552
443 605
444 887
444 1010
446 1037
448 848
448 955
449 753
450 504
450 605
450 1034
451 1045
452 1078
453 741
455 768
456 577
456 659
456 1083
457 693
457 1040
461 491
462 1043
463 795
466 888
467 959
470 703
470 969
470 1051
471 1088
472 725
473 754
476 741
476 755
476 821
476 1073
477 672
477 1073
478 946
480 962
482 944
483 983
483 1030
485 892
486 708
487 1064
487 1077
488 657
488 790
490 509
490 608
491 515
493 1038
493 1049
494 688
495 531
496 988
497 776
497 886
497 1039
500 951
501 770
501 905
502 956
503 637
503 680
504 522
504 701
505 931
507 903
508 536
510 958
511 731
512 532
512 812
513 965
514 1061
516 651
519 736
519 789
519 985
519 1071
520 838
521 892
521 959
522 615
522 923
524 961
526 746
526 989
527 565
527 979
527 1064
529 853
530 882
531 836
532 698
533 762
533 899
533 943
534 637
535 544
535 598
535 632
536 566
537 879
537 914
538 587
538 629
540 665
540 678
541 573
543 965
546 863
548 683
548 801
551 555
553 594
553 885
553 894
553 962
554 690
555 656
555 1041
556 633
557 660
558 811
558 1050
559 641
560 789
561 573
561 805
562 650
562 931
563 581
563 733
563 935
564 706
564 807
566 958
567 765
567 784
568 1037
569 826
570 629
570 870
570 1011
571 680
573 1023
573 1069
574 1072
575 684
576 723
578 852
580 620
581 745
582 807
583 790
584 841
586 640
586 713
586 983
592 868
592 1016
593 711
594 667
595 1068
596 823
596 895
597 730
600 802
601 720
602 735
603 637
603 1035
607 941
608 678
609 795
609 1001
610 996
611 668
614 867
615 938
616 625
619 992
620 697
621 1045
622 887
623 766
626 678
627 863
627 975
628 737
630 994
635 957
636 730
638 1073
639 721
640 934
641 972
643 927
644 841
646 699
647 755
648 700
650 836
650 917
651 794
652 879
653 910
655 678
656 781
661 971
662 707
663 1018
664 795
665 1018
666 918
669 769
669 845
671 1012
671 1019
672 835
673 923
674 843
674 1055
674 1056
674 1074
674 1075
676 909
677 768
677 935
681 1016
682 772
685 949
687 982
688 882
689 723
690 697
692 712
692 933
693 905
694 873
700 940
702 1008
703 892
704 729
704 734
705 942
706 1086
707 727
708 1016
710 983
711 720
712 839
712 975
714 753
716 1082
719 787
719 833
719 974
722 1069
724 842
724 1069
725 779
728 877
731 791
734 758
735 807
738 772
738 1023
738 1068
738 1090
739 1033
740 1036
744 798
745 817
747 1004
747 1006
750 997
752 784
752 825
753 990
756 1059
758 986
758 1038
760 803
760 815
762 908
762 920
765 1003
766 876
767 958
770 1007
771 773
771 965
778 809
778 861
779 892
780 880
780 966
782 827
783 872
785 812
785 992
788 897
790 1073
791 1003
792 808
792 955
793 910
794 1044
798 1025
801 840
801 984
801 1026
804 987
806 852
806 887
806 1072
810 916
814 1065
815 834
818 891
818 936
818 1053
820 846
821 1058
824 988
826 992
827 935
829 860
831 1035
831 1063
835 866
838 980
840 861
840 952
846 1051
849 903
851 912
853 897
853 920
854 924
856 926
858 1018
860 974
862 960
865 922
867 1079
868 901
876 925
877 1031
881 890
884 1027
887 950
887 981
891 1081
893 941
901 1067
902 1014
903 921
906 956
907 1042
908 928
913 982
920 1043
920 1072
921 994
923 1076
926 989
927 951
930 1019
942 1080
944 1089
945 1047
955 1021
958 1022
960 1006
962 1013
968 1059
990 993
999 1088
1000 1008
1028 1081
1032 1054
1039 1081
1054 1083
1057 1072
1065 1078
