180 180
0 31
1 34
1 138
2 95
2 142
3 64
4 113
5 112
6 34
6 98
7 43
7 68
7 149
8 27
9 96
9 106
9 115
10 92
11 93
12 28
12 87
12 92
12 95
12 151
13 20
13 35
13 151
14 85
15 91
15 160
16 136
17 103
17 172
18 104
18 175
19 60
19 98
21 103
21 122
22 46
23 66
23 131
24 90
24 152
25 42
25 111
26 132
27 144
27 156
29 112
30 44
31 103
31 125
32 67
32 73
33 103
34 127
34 154
35 63
35 125
36 116
36 134
37 115
38 139
39 155
39 166
40 66
40 72
41 83
42 64
42 69
42 167
43 55
43 154
44 144
45 76
45 158
46 88
46 132
46 133
46 134
47 91
47 156
48 133
49 57
49 147
50 133
51 108
52 76
53 117
53 179
54 119
55 129
56 64
56 80
56 84
57 97
57 164
58 89
59 144
60 140
61 130
62 179
64 166
65 70
65 121
65 173
66 115
67 89
69 89
69 169
69 173
71 100
71 175
72 81
72 82
72 119
72 135
72 165
74 132
74 177
75 98
76 168
77 173
78 85
79 114
81 95
83 158
83 179
85 112
85 179
86 125
87 145
89 113
91 153
92 161
93 149
93 171
94 134
95 120
96 110
98 109
98 150
99 143
99 160
101 169
102 108
103 171
105 160
106 109
107 127
108 137
108 173
109 146
110 148
114 127
116 128
116 162
116 176
118 157
120 123
121 179
124 133
125 139
126 136
126 144
130 177
132 152
136 162
141 165
143 175
147 151
155 177
157 162
158 163
158 178
159 177
163 170
166 174
175 178
