150 150
0 92
1 5
1 47
2 34
2 43
2 102
3 23
4 81
5 25
5 101
5 120
6 31
6 38
6 93
7 78
8 70
8 108
9 149
10 117
11 19
12 13
12 19
12 58
12 121
12 130
13 73
13 91
13 113
14 100
15 72
16 58
17 35
17 123
18 111
19 119
20 112
21 30
21 128
22 57
23 41
23 139
24 109
24 149
25 32
26 27
26 113
28 60
28 62
28 146
29 148
30 68
30 108
31 107
33 107
34 102
35 63
35 111
36 82
36 113
37 95
38 60
38 80
38 90
38 140
39 68
40 105
40 119
41 68
42 98
42 144
44 77
44 133
45 59
45 116
45 122
45 127
46 104
48 102
49 72
49 83
50 76
51 88
52 134
53 76
54 128
55 68
56 88
56 100
57 82
58 129
60 81
61 72
61 121
63 124
64 77
64 114
65 89
65 125
65 144
66 109
67 127
68 88
68 117
69 137
70 74
71 134
73 118
75 99
76 88
78 148
79 85
79 112
79 148
80 148
84 133
85 94
85 136
86 118
86 126
87 127
88 111
88 121
88 137
88 145
88 147
92 106
93 99
95 127
96 128
97 104
97 143
101 102
101 137
103 110
103 131
104 110
104 121
106 111
111 115
112 149
118 138
127 130
128 135
132 137
132 144
133 141
133 148
134 145
137 148
142 148
