1145 1165
0 64
0 842
1 111
1 1055
2 223
2 818
3 300
3 1020
4 210
4 404
5 973
5 1135
6 519
6 561
7 662
7 944
8 61
8 795
9 488
9 677
10 120
10 532
11 74
11 226
12 607
12 898
13 1045
13 1096
14 722
14 781
15 90
15 714
16 373
16 808
17 223
17 1008
18 125
18 1004
19 227
19 942
20 245
20 1007
21 751
21 1095
22 846
22 1139
23 744
23 1002
24 261
24 936
25 277
25 460
26 650
26 1041
27 351
27 950
28 816
28 842
29 150
29 516
30 382
30 510
31 514
31 551
32 445
32 941
33 859
33 888
34 192
34 493
35 997
35 1137
36 260
36 361
37 569
37 1042
38 287
38 699
39 347
39 354
40 44
40 500
41 348
41 606
42 814
42 1099
43 821
43 930
44 505
45 222
45 1065
46 269
46 607
47 91
47 1023
48 107
48 581
49 153
49 995
50 641
50 944
51 519
51 589
52 265
52 1117
53 299
53 701
54 258
54 1026
55 89
55 726
56 274
56 934
57 589
57 786
58 422
58 987
59 338
59 873
60 138
60 582
61 923
62 451
62 673
63 307
63 731
64 805
65 277
65 661
66 925
66 961
67 291
67 1118
68 916
68 965
69 576
69 637
70 454
70 930
71 974
71 1119
72 970
72 1142
73 453
73 464
74 1087
75 241
75 696
76 188
76 391
77 563
77 651
78 1067
78 1076
79 196
79 1054
80 137
80 219
80 1104
81 131
81 272
82 370
82 521
83 246
83 339
84 724
84 858
85 291
85 689
86 175
86 531
87 483
87 582
88 682
88 710
89 654
90 337
90 965
91 283
92 685
92 686
93 650
93 653
94 118
94 688
95 316
95 1123
96 101
96 667
97 167
97 834
98 371
98 533
99 479
99 1144
100 487
100 1107
101 824
102 545
102 997
103 423
103 917
104 496
104 839
105 184
105 859
106 150
106 1057
107 466
108 676
108 1060
109 812
109 821
110 963
110 977
111 952
112 421
112 991
113 205
113 994
114 287
114 730
115 162
115 502
116 749
116 790
117 664
117 863
118 631
119 262
119 748
120 832
121 295
121 511
122 334
122 848
123 504
123 832
124 593
124 685
125 1124
126 557
126 763
127 499
127 1051
128 465
128 476
129 936
129 1059
130 540
130 1103
131 602
132 182
132 698
133 547
133 847
134 750
134 752
135 631
135 772
136 275
136 485
137 154
138 1121
139 237
139 441
140 257
140 306
141 296
141 686
142 264
142 640
143 525
143 841
144 349
144 953
145 693
145 787
146 267
146 939
147 368
147 899
148 278
148 1138
149 646
149 1033
151 904
151 1020
152 861
152 1132
153 249
154 1001
155 929
155 1110
156 242
156 545
157 516
157 959
158 208
158 765
159 299
159 1047
160 502
160 692
160 865
161 187
161 354
162 603
163 361
163 723
164 279
164 507
165 486
165 525
166 376
166 912
167 852
168 398
168 968
169 506
169 762
170 304
170 558
171 613
171 652
172 415
172 713
173 322
173 389
174 697
174 769
175 647
176 431
176 1017
177 367
177 503
178 292
178 483
179 660
179 1086
180 649
180 733
181 829
181 964
182 797
183 813
183 1091
183 1122
184 699
185 518
185 1109
186 627
186 736
187 1094
188 1106
189 490
189 638
190 327
190 758
191 553
191 905
192 474
193 221
193 1099
194 265
194 408
195 452
195 868
196 772
197 633
197 913
198 333
198 556
199 553
199 759
200 362
200 1002
201 326
201 885
202 509
202 931
203 447
203 537
204 435
204 563
205 1133
206 256
206 420
207 426
207 481
208 333
208 1062
209 415
209 862
210 595
211 447
211 901
212 489
212 778
213 228
213 913
214 594
214 804
215 817
215 1087
216 747
216 903
217 966
217 1101
218 255
218 532
219 472
220 442
220 569
221 844
222 1092
224 347
224 1009
225 1061
225 1078
226 735
227 630
228 1038
229 552
229 932
230 498
230 1054
231 430
231 652
232 658
232 1052
233 254
233 298
234 471
234 671
234 1108
235 946
235 1040
236 321
236 875
237 310
238 792
238 1058
239 796
239 943
240 550
240 877
241 853
242 857
243 811
243 925
244 245
244 294
246 566
247 331
247 530
248 626
248 728
249 1106
250 597
250 715
251 321
251 740
252 623
252 786
253 302
253 931
254 962
255 906
256 378
257 769
258 756
259 366
259 782
259 837
260 1126
261 535
262 706
263 305
263 537
264 942
265 744
266 776
266 1063
267 910
268 637
268 724
269 830
270 435
270 663
271 427
271 835
272 573
273 668
273 958
274 313
275 873
276 530
276 890
278 508
279 897
280 384
280 1060
281 883
281 964
282 288
282 412
283 1021
283 1059
284 367
284 456
285 529
285 919
286 947
286 1001
288 612
289 390
289 704
290 591
290 1058
292 973
293 599
293 766
294 982
295 935
296 910
297 370
297 1040
298 578
300 649
301 484
301 885
302 427
303 768
303 893
304 552
305 735
306 564
307 475
308 336
308 590
309 318
309 592
309 846
310 353
311 357
311 1013
312 783
312 838
313 1000
314 429
314 609
315 397
315 557
316 438
317 395
317 443
318 642
319 734
319 1026
320 598
320 670
322 1114
323 680
323 794
324 340
324 813
325 566
325 837
326 1070
327 446
328 424
328 975
329 780
329 791
330 515
330 922
331 423
332 600
332 1115
334 375
335 586
335 595
336 1068
337 691
338 880
339 805
339 979
340 438
341 639
341 703
342 662
342 1009
343 426
343 684
344 526
344 802
345 985
345 1025
346 737
346 1085
347 627
348 542
349 1103
350 413
350 815
351 676
352 410
352 542
353 1102
355 741
355 869
356 522
356 882
357 1124
358 646
358 1000
359 448
359 648
360 684
360 872
362 719
363 388
363 774
364 683
364 757
365 729
365 733
366 437
368 1133
369 1015
369 1110
371 407
372 799
372 1042
373 765
374 875
374 966
375 874
376 655
377 459
377 1029
378 708
379 414
379 1081
380 475
380 591
381 615
381 1027
382 539
383 775
383 916
384 1039
385 889
385 1043
386 721
386 1112
387 1081
387 1090
388 539
389 548
389 937
390 584
391 825
392 665
392 1051
393 1055
393 1102
394 771
394 939
395 969
396 926
396 1116
397 399
398 849
399 957
400 717
400 855
401 527
401 891
402 999
402 1120
403 932
403 1115
404 430
405 655
405 1043
406 535
406 900
407 517
408 1119
409 412
409 586
410 833
411 803
411 851
413 793
414 687
416 417
416 784
417 562
418 768
418 790
419 736
419 881
420 956
421 1050
422 809
424 788
425 774
425 1141
428 725
428 1080
429 644
431 854
432 590
432 629
433 695
433 959
434 740
434 800
436 615
436 1098
437 1046
439 489
439 812
440 541
440 610
441 1032
442 490
443 721
444 763
444 887
445 1084
446 991
448 836
448 969
449 562
449 1072
450 706
450 850
451 950
452 976
453 822
454 497
455 558
455 952
456 1117
457 1011
457 1016
458 639
458 803
459 823
460 1130
461 497
461 673
462 788
462 940
463 634
463 792
464 1072
465 870
466 1017
467 749
467 963
468 561
468 831
469 1031
469 1125
470 583
470 974
471 564
472 718
473 690
473 1065
474 854
476 704
477 568
477 693
478 990
478 1139
479 1010
480 626
480 1078
481 946
482 600
482 987
484 694
485 517
486 1037
487 1127
488 657
491 536
491 720
492 888
492 1073
493 935
494 546
494 1057
495 728
495 838
496 915
498 807
499 880
500 518
501 758
501 933
501 1142
503 601
504 983
504 1069
505 741
506 1113
507 1023
508 730
509 603
509 715
510 870
511 845
512 817
512 1071
513 912
513 1132
514 882
515 681
520 585
520 682
521 674
522 799
523 954
523 1109
524 849
524 860
526 1003
527 779
528 998
528 1116
529 988
531 1112
533 802
534 862
534 1035
536 1118
538 572
538 605
540 1138
541 579
543 666
543 792
544 624
544 1105
546 971
547 954
548 636
549 597
549 986
550 914
551 1089
553 1131
554 866
554 921
555 681
555 739
556 1039
559 971
559 993
560 777
560 918
565 868
565 1003
567 729
567 1028
568 865
569 895
570 841
570 949
571 864
571 1012
572 1005
573 1113
574 780
574 1068
575 948
575 986
576 632
577 584
577 911
578 713
579 1029
580 598
580 988
581 759
583 1048
584 608
585 951
587 665
587 1129
588 937
588 980
589 678
592 979
593 1094
594 731
596 745
596 1140
599 921
601 1141
602 1014
604 956
604 1011
605 877
606 1083
608 1006
609 879
610 957
611 897
611 903
612 619
613 820
614 860
614 998
616 892
616 1088
617 688
617 781
618 698
618 1036
619 901
620 628
620 647
621 1062
621 1135
622 807
622 1107
623 797
624 1084
625 667
625 815
625 1129
626 1066
628 1122
629 1064
630 814
632 828
633 989
634 823
635 669
635 761
636 898
638 700
640 918
641 761
642 785
643 831
643 968
644 696
645 853
645 914
648 999
651 793
653 993
654 809
656 920
656 1121
657 819
658 710
659 1007
659 1010
660 1056
661 1089
663 976
664 796
666 714
668 975
669 981
670 1134
671 789
672 748
672 849
674 1024
675 1050
675 1107
677 938
678 896
679 886
679 894
680 874
683 1006
686 1022
687 834
689 1066
690 996
691 1143
692 977
694 902
695 1075
697 816
700 750
701 712
702 928
702 1044
703 1019
705 847
705 856
707 732
707 884
708 711
709 811
709 1047
711 810
712 1032
716 764
716 1086
717 892
718 747
719 739
720 1096
722 978
723 1024
725 883
726 908
727 764
727 828
729 915
732 1120
734 970
737 990
738 779
738 852
742 1025
742 1085
743 833
743 839
743 904
745 924
745 984
746 770
746 992
751 949
752 943
753 767
753 960
754 810
754 1049
755 900
755 1049
756 995
757 1097
760 983
760 1079
762 1034
766 771
767 906
770 973
773 992
773 1012
775 887
776 836
777 1008
778 795
782 1027
783 844
784 869
785 1056
787 909
789 1098
791 1134
794 899
798 934
798 1052
800 1088
801 1077
801 1125
802 826
804 1140
806 962
806 1093
808 878
818 920
819 851
820 955
822 861
824 922
825 1033
826 1082
827 890
827 1018
829 1077
830 984
835 893
840 907
840 928
843 1021
843 1035
845 961
848 1096
850 1126
855 856
857 1082
858 1025
863 958
864 867
866 902
867 878
871 949
871 1046
872 938
876 1005
876 1114
879 907
881 1136
884 1091
885 940
886 1131
889 1031
891 981
892 945
894 935
895 1070
896 909
905 1144
908 929
911 1130
917 1044
919 1123
923 985
924 980
926 1036
927 982
927 1067
933 978
941 1136
945 1074
947 1073
948 1018
951 1028
953 1111
955 1053
960 1128
967 1030
967 1143
972 1019
972 1093
989 996
994 1061
998 1040
1004 1037
1013 1108
1014 1063
1015 1127
1016 1104
1022 1105
1030 1045
1034 1079
1038 1100
1041 1090
1048 1097
1053 1137
1064 1100
1069 1101
1071 1080
1074 1128
1075 1083
1076 1095
1092 1111
