1000 1000
0 786
1 75
1 987
2 488
3 742
4 135
4 344
5 156
5 582
5 805
5 986
6 109
6 647
7 59
8 282
9 703
10 332
10 424
10 703
11 133
11 311
11 751
11 932
12 123
12 150
12 655
12 788
12 974
13 618
14 929
15 486
16 758
17 156
17 778
18 140
18 215
18 546
18 646
18 943
18 953
18 976
19 640
20 84
21 240
21 801
22 699
22 915
23 400
24 737
25 260
25 445
25 881
26 188
27 169
27 254
27 653
27 684
27 821
28 38
28 313
29 496
30 996
31 516
32 671
32 775
33 450
33 917
34 128
34 197
34 243
34 786
35 525
35 758
36 730
37 874
38 81
38 249
38 306
38 326
38 871
39 825
40 545
41 810
42 596
43 135
43 491
44 254
44 522
44 785
45 995
46 52
46 352
46 661
46 890
47 401
47 597
48 263
48 455
48 677
49 684
50 853
51 966
52 288
52 558
52 826
52 895
53 439
53 683
53 685
54 155
54 673
54 728
54 758
55 198
55 250
55 292
55 611
55 838
55 983
56 178
57 77
57 340
58 199
58 348
58 496
59 155
59 958
60 833
61 66
61 81
61 282
61 308
61 383
61 754
62 119
62 421
62 858
63 290
63 680
64 223
65 81
65 438
65 598
65 734
65 897
67 559
68 254
68 574
68 645
68 993
69 140
69 189
69 358
69 528
70 467
70 497
71 156
72 157
72 374
72 477
72 718
72 779
73 256
73 259
73 500
73 648
73 894
73 934
74 474
75 665
75 721
75 814
76 146
78 309
79 201
79 420
80 151
80 696
80 949
81 115
81 134
81 140
81 292
81 584
81 605
81 651
81 679
81 991
82 652
82 840
83 208
84 227
85 389
86 534
87 527
87 593
87 690
88 905
89 828
90 254
91 691
92 222
92 869
93 421
94 491
95 586
96 579
97 976
98 126
98 141
98 838
99 272
100 478
101 129
101 521
102 311
103 235
104 504
104 582
105 446
105 676
105 885
106 725
107 156
107 196
108 306
110 135
110 631
110 746
111 955
112 164
112 281
113 150
113 361
114 692
115 489
116 200
117 565
117 644
117 775
117 837
118 213
118 245
118 280
118 416
118 684
119 418
119 434
119 712
120 331
120 886
121 354
121 621
122 134
122 626
124 444
125 657
126 231
127 292
127 657
127 690
128 532
128 744
129 379
129 592
129 928
130 382
130 803
131 178
131 223
131 393
131 627
131 764
131 945
132 133
132 399
132 825
132 935
133 242
133 292
133 486
133 950
133 963
134 177
135 473
135 651
136 639
137 674
138 578
138 607
139 289
140 155
140 447
140 776
141 478
141 552
142 471
143 186
143 305
143 782
144 184
144 278
144 889
145 397
146 385
146 756
147 991
148 650
148 894
149 383
150 324
150 362
151 451
152 246
152 384
152 418
152 485
153 895
153 898
154 719
155 635
156 292
156 448
156 796
156 920
158 273
159 239
159 937
159 939
159 953
160 676
161 930
162 281
163 440
163 471
163 979
165 388
166 894
167 636
167 843
167 881
168 523
170 617
171 592
172 646
173 213
174 942
175 725
176 220
176 613
176 818
177 752
179 265
180 181
181 582
181 988
182 375
182 812
183 189
185 985
186 465
186 647
187 422
187 436
188 214
189 524
190 490
191 839
191 962
192 668
192 768
193 405
193 652
194 888
195 477
195 585
199 267
200 491
200 802
202 977
203 299
203 423
204 615
204 700
205 505
206 275
206 480
206 730
207 473
208 540
209 648
210 221
210 936
211 272
211 482
212 976
213 442
213 471
213 581
214 298
214 497
214 615
214 714
214 718
215 826
215 956
216 821
217 347
217 512
218 713
218 942
218 965
219 967
220 300
220 637
220 828
220 838
221 643
223 925
224 553
225 822
226 950
227 315
228 229
228 948
229 261
229 510
229 669
229 740
230 337
232 863
233 329
233 533
233 817
233 819
233 863
234 946
235 400
236 340
237 543
238 484
240 705
240 793
240 822
241 841
242 271
242 331
242 760
242 795
243 341
244 569
244 582
246 860
247 422
247 461
248 941
249 452
250 272
250 743
250 861
250 864
250 884
251 681
251 719
251 992
252 566
252 709
253 892
255 581
255 629
257 900
258 280
260 590
261 396
262 889
263 493
263 601
264 935
265 488
265 737
265 786
265 953
266 293
266 539
266 977
267 581
268 285
268 989
269 445
270 591
271 663
271 811
271 984
272 439
272 612
272 807
272 918
272 946
273 433
273 686
274 611
274 978
276 376
276 678
277 487
278 502
278 766
278 849
279 820
279 918
279 964
280 930
280 977
281 292
281 485
282 739
283 492
283 841
284 327
284 376
286 744
287 867
289 418
290 307
291 786
292 436
292 483
292 506
292 581
292 669
292 866
293 689
294 427
295 786
295 823
296 923
297 917
298 453
298 730
299 610
299 889
301 697
302 801
303 674
304 676
304 791
306 472
306 887
308 479
308 835
309 900
310 758
311 614
312 588
313 844
314 414
314 494
314 887
315 611
316 795
316 831
316 891
317 448
318 942
319 482
319 672
320 952
321 416
322 870
323 946
325 623
326 704
328 506
330 703
332 781
333 433
333 742
333 836
334 420
335 827
336 563
337 918
338 410
338 603
339 385
339 687
340 570
340 581
340 697
342 722
343 447
344 654
345 366
345 986
346 362
347 883
348 429
348 707
348 810
349 806
350 426
351 917
353 929
354 645
355 359
356 987
357 612
359 397
359 403
360 417
360 830
363 699
364 711
365 514
365 598
366 667
367 544
367 807
368 507
368 859
368 914
369 769
369 954
370 743
371 873
371 989
372 749
373 457
373 866
376 894
377 477
377 955
378 444
380 447
381 648
383 402
386 848
387 553
387 602
387 995
388 698
388 908
388 961
389 411
389 874
390 576
390 729
391 543
391 711
392 486
392 618
392 780
393 924
394 888
395 721
395 748
395 943
398 692
400 612
400 691
403 677
403 772
404 867
406 444
407 484
408 951
409 594
410 991
412 538
412 776
413 943
415 573
415 894
416 745
417 464
417 549
417 868
418 563
418 714
418 777
418 816
418 893
419 696
420 676
420 997
422 620
425 427
425 487
425 862
426 619
426 660
426 806
426 879
427 490
427 630
428 517
428 874
428 903
430 497
431 930
432 436
435 674
437 897
439 725
441 508
441 943
442 738
442 878
443 594
443 770
443 917
443 969
444 800
444 865
444 993
447 624
447 674
447 855
447 867
447 889
449 615
450 784
454 962
456 474
456 612
456 931
458 969
459 653
460 509
462 934
463 632
466 815
466 825
468 914
469 476
469 708
470 497
474 575
474 731
474 905
475 503
475 721
476 722
477 551
481 732
484 506
485 658
485 874
485 882
488 880
494 954
495 721
495 981
496 567
498 516
499 769
501 606
505 593
506 571
508 561
508 640
508 848
509 962
511 822
513 741
513 904
515 582
515 639
516 911
517 588
518 527
519 733
520 946
523 671
523 724
526 596
527 921
528 761
528 971
529 650
530 881
530 929
531 749
534 579
534 662
534 697
534 856
535 705
536 831
537 684
540 557
540 609
540 611
540 813
540 846
541 776
542 743
543 977
544 896
545 683
546 799
547 729
547 869
547 941
548 764
550 816
553 664
553 692
553 962
554 734
554 919
555 733
556 587
559 625
559 682
559 762
559 953
560 659
562 730
562 940
564 813
566 852
566 942
568 582
569 949
572 720
572 970
573 798
575 994
577 694
580 657
580 771
580 803
581 962
582 723
583 690
586 624
587 719
588 632
589 714
591 957
592 935
595 790
596 793
597 797
599 900
600 656
603 829
604 652
606 694
607 861
608 871
609 824
611 908
612 732
612 902
615 851
615 901
616 859
617 630
618 985
618 989
622 778
623 855
624 742
628 691
630 877
631 888
632 973
633 856
634 652
637 638
637 938
640 899
641 950
642 880
646 797
647 803
649 953
651 881
652 833
652 986
654 947
655 688
656 917
657 827
657 892
657 909
658 687
659 684
659 703
659 812
659 933
666 732
668 942
669 868
670 786
674 872
675 990
677 714
677 877
677 957
680 776
684 741
685 972
690 841
693 964
694 935
695 926
696 876
699 725
699 842
701 719
702 918
706 986
710 758
715 866
716 932
717 871
718 917
719 776
719 793
722 859
722 970
725 763
726 804
726 894
727 841
732 863
732 997
733 894
735 776
736 827
740 982
742 910
745 750
747 763
748 975
749 775
749 935
750 927
753 801
755 864
757 960
759 822
763 832
764 773
764 883
764 884
765 826
767 888
773 783
774 879
777 926
786 792
787 830
789 801
790 889
794 981
798 968
806 920
807 869
808 991
809 878
810 912
813 850
815 990
816 944
819 916
826 967
833 907
834 863
839 959
845 962
847 923
849 854
853 874
853 936
857 909
859 892
870 997
872 911
874 894
875 894
879 999
881 974
890 906
892 923
894 900
900 960
908 922
909 948
913 936
917 942
918 966
938 951
945 980
952 974
976 996
995 998
