50 10
836 163 730 342 609 173 680 980 33 269 728 668 564 746 386 10 903 722 168 301 962 685 609 722 154 540 765 620 559 822 223 153 793 938 298 918 588 445 559 435 586 431 959 749 595 330 305 704 266 131 
3 21 75
39 9 24
6 45 78
21 29 57
41 4 76
21 6 34
18 31 46
21 2 12
33 14 36
21 35 32
41 23 55
47 5 62
36 16 77
3 15 9
5 34 80
48 24 37
0 33 10
33 40 54
7 12 58
39 30 44
9 32 46
18 20 15
3 8 28
47 3 5
5 41 69
35 1 46
39 38 71
16 27 74
21 18 62
3 25 22
24 43 22
40 11 100
10 48 14
41 46 17
28 44 46
24 37 42
3 36 1
10 19 62
0 47 231
49 22 92
22 28 77
0 42 98
14 26 41
42 10 93
10 49 55
29 39 21
5 17 46
19 13 81
6 7 32
