100 70
324 792 814 680 958 458 586 853 142 530 723 692 349 978 520 336 208 426 141 17 762 308 614 395 578 239 448 553 73 717 613 830 375 262 910 642 785 630 812 410 717 85 929 528 481 869 680 815 307 444 313 259 717 876 218 7 75 797 664 462 947 225 723 996 367 222 273 45 231 367 755 300 694 704 340 231 798 294 845 596 579 727 504 557 74 459 500 46 66 908 732 607 607 143 403 106 560 590 533 459 
23 89 74
0 60 3
13 21 3
58 72 96
82 33 67
21 86 53
81 3 16
57 63 35
68 87 76
18 10 85
20 98 14
99 8 39
18 13 43
44 38 26
94 81 77
54 80 74
15 43 62
76 26 100
20 41 50
75 96 92
0 76 67
92 7 20
3 68 9
27 92 66
42 52 22
51 59 29
10 2 41
65 75 93
42 27 14
17 73 50
97 32 42
79 93 57
68 78 60
66 25 9
33 67 30
49 64 94
0 49 95
17 53 35
20 97 89
59 1 48
95 82 91
42 14 27
64 45 60
9 36 27
49 18 64
30 58 20
64 31 94
48 16 66
37 57 87
92 44 48
76 6 84
11 29 29
2 23 77
40 39 32
0 20 80
45 79 14
94 71 90
42 90 15
46 55 16
61 85 52
65 66 56
80 4 9
92 28 54
49 84 28
42 56 92
97 40 26
20 99 4
49 35 18
52 62 30
51 88 15
37 65 65
67 83 6
49 37 2
0 95 72
0 50 63
71 24 44
76 74 46
30 69 99
67 5 53
81 34 32
61 70 91
37 9 84
0 42 994
76 61 5
27 94 90
66 15 93
95 46 79
67 77 58
11 54 93
94 19 100
64 91 21
95 48 52
27 12 100
12 30 21
27 51 81
20 17 98
59 22 31
90 11 97
95 47 51
