100 20
830 769 958 157 282 133 144 734 617 660 816 723 979 617 821 874 935 90 541 241 489 731 326 10 746 694 796 952 44 575 350 84 966 349 824 753 536 388 161 687 993 854 26 858 154 807 399 863 441 796 822 998 993 871 760 93 204 344 288 525 588 802 849 397 403 934 941 83 133 892 632 713 175 341 264 119 46 233 586 672 592 125 645 626 746 964 661 237 324 49 976 364 477 699 500 607 810 470 739 111 
97 49 43
45 24 83
86 28 83
72 53 52
93 1 33
36 91 78
68 8 38
94 30 57
9 73 2
35 21 29
18 86 74
60 22 50
39 90 46
73 15 43
10 52 51
89 71 55
82 4 10
41 36 6
47 77 17
12 69 31
57 72 5
24 85 92
56 84 10
64 18 43
92 78 34
17 83 13
4 87 58
31 35 26
83 60 92
84 79 47
2 64 68
51 32 28
19 98 90
81 55 11
88 31 51
25 13 59
50 81 77
55 70 89
29 26 11
74 48 20
23 89 90
98 88 43
70 51 11
48 20 57
53 38 60
40 82 60
76 95 4
85 2 78
71 5 84
54 65 65
33 7 77
77 45 79
16 23 64
79 67 19
32 3 39
69 17 51
27 66 38
46 16 6
43 46 2
49 80 18
90 43 19
34 74 46
66 11 42
5 63 32
38 96 94
87 12 28
8 57 65
11 19 73
42 39 38
21 44 51
44 75 4
78 99 19
3 97 45
80 34 15
91 68 38
30 93 94
75 62 3
7 14 81
15 37 66
0 94 20
6 42 56
63 9 15
65 41 86
96 33 27
58 10 30
99 56 50
67 59 91
37 76 61
22 25 46
1 50 19
20 92 53
13 27 20
62 29 23
14 47 28
59 40 33
28 58 96
61 6 90
26 61 98
95 54 70
