100 30
874 456 415 754 704 571 258 62 819 218 150 179 143 70 817 411 685 328 231 716 389 115 262 276 56 16 776 854 799 448 24 15 164 928 447 189 754 895 689 592 878 256 764 860 150 468 978 740 443 448 233 796 937 344 748 298 605 192 381 21 219 751 439 661 434 116 611 744 623 130 440 478 984 797 739 61 144 6 944 889 641 482 774 406 760 689 883 759 313 730 961 539 534 500 693 301 330 658 131 220 
9 80 49
14 79 50
4 39 92
72 69 63
30 71 42
30 28 61
42 5 25
83 88 58
85 84 53
44 62 13
80 57 61
48 52 15
4 43 67
90 70 20
9 40 74
33 44 86
94 14 5
14 64 54
30 95 44
67 24 47
23 37 34
28 50 27
36 16 93
48 93 62
32 89 69
0 20 99
7 72 25
42 6 61
4 36 84
17 83 53
48 74 62
19 59 18
26 12 36
4 85 50
6 61 30
59 3 6
19 77 56
42 21 88
37 48 11
42 54 24
43 68 6
42 1 1
0 66 64
9 2 23
2 67 34
49 10 73
65 41 66
0 9 209
98 17 44
9 94 18
41 60 48
4 27 6
0 38 14
77 55 29
75 22 12
94 18 38
98 15 52
57 31 88
59 23 6
30 58 39
26 81 86
81 32 60
40 19 34
94 33 37
71 92 93
32 99 92
35 45 46
40 42 57
79 56 18
42 87 6
73 26 26
6 8 40
75 29 7
39 47 82
5 98 74
81 25 73
90 63 83
28 35 4
85 82 2
38 34 9
21 30 77
38 91 54
36 13 47
19 96 64
82 49 63
30 65 55
82 76 1
65 97 24
0 73 28
38 75 28
6 53 63
34 11 72
85 51 93
65 90 96
25 46 11
72 78 53
20 7 66
14 4 91
85 86 64
