1000 1000
-123 -208
791 463
133 977
963 817
-52 -202
313 754
-506 -338
564 -401
-191 188
-906 -691
44 -531
-556 967
-906 341
982 49
-220 272
-260 930
892 746
-544 -146
-337 917
883 940
-610 -707
831 -584
854 104
-487 680
599 862
-459 -822
-498 -888
707 586
49 85
553 -450
-759 614
901 -837
185 -533
-204 -25
-761 752
-240 493
104 735
-568 802
-153 -4
-837 85
-289 71
-776 -593
-836 671
-979 124
369 -85
-683 -55
737 -258
-123 508
-680 -18
-466 -858
961 -480
977 487
-959 -317
-544 -463
-457 766
460 -190
833 -893
-734 -372
302 -682
-742 58
-709 -553
-338 -453
614 747
990 -42
455 -939
-708 387
279 -851
684 -90
-79 -195
-852 -732
454 501
533 617
-407 59
-131 353
972 -128
802 -686
-708 645
744 -870
-460 118
37 331
-803 -723
113 335
813 346
-831 -258
-841 988
-998 -405
404 -739
380 461
342 -547
-371 -143
727 -724
-85 -709
807 -547
-859 -624
554 667
785 769
-794 -227
525 -961
289 413
153 407
835 134
734 -213
-947 459
-23 -49
-646 414
128 63
-392 24
978 922
-649 702
-96 605
-606 -572
798 -686
394 386
-146 -950
371 -654
841 -920
831 -939
451 190
-919 39
-838 -908
614 -733
10 -20
-326 307
-217 266
335 831
-665 -44
791 -205
-446 -134
-450 -958
469 -742
134 -2
-202 -232
606 596
656 229
703 983
-527 89
-938 -648
-27 489
-233 451
-662 -161
980 -3
557 -481
-121 69
-729 -210
-59 -446
-550 611
59 -70
-63 -706
-246 -898
-210 -788
870 -651
-753 -627
-696 -198
652 -740
-806 -367
-873 73
531 538
700 228
-866 -79
690 -383
-918 -93
868 -174
-434 -439
-223 89
-275 831
-86 -246
-949 425
-484 -382
539 128
-439 -990
873 71
-823 -571
757 813
-741 -77
601 950
194 -314
-884 987
-165 692
-547 -882
738 -524
-750 -41
894 -682
-621 -985
964 -133
-278 -153
351 490
-748 302
-467 -551
-957 507
-396 -324
-845 -5
-677 -793
934 -8
-334 925
-48 -986
-305 588
440 553
-548 -694
336 -73
-944 86
-619 112
114 668
315 -42
494 -388
-262 997
305 -155
-419 -165
275 43
548 -255
721 369
808 232
-714 -720
693 870
527 600
-213 932
-609 -656
266 180
462 -470
408 429
-364 -878
395 33
-195 -438
451 625
224 -772
363 669
-188 495
529 -518
-324 -954
963 46
48 852
279 658
-684 341
635 486
241 -835
834 673
66 -260
-408 857
-369 -103
616 853
6 718
-897 815
400 -994
-209 -263
-780 293
885 195
-663 -905
-876 -824
-557 797
389 -207
1000 569
-27 576
-777 293
-797 282
-519 -241
981 798
714 -279
246 300
-233 -59
886 -400
670 480
-228 -557
630 215
970 -115
729 -231
942 563
-139 385
-286 -424
350 841
198 -435
234 -475
-579 -537
-517 -237
77 -79
919 -234
640 276
109 694
-547 -887
294 -945
245 855
584 922
860 -776
380 660
-944 -381
267 580
-656 761
-937 720
-927 -183
-978 -400
-163 -825
559 454
-863 704
251 -834
-332 473
-818 617
-621 444
-487 528
-402 651
681 932
-790 404
384 -981
-296 814
337 233
848 -889
-346 954
315 908
-642 -837
-927 -533
-427 -869
-141 -971
274 -78
431 426
-212 -549
464 -664
-75 200
786 223
-790 307
-521 -658
234 346
31 -358
-82 -346
256 531
111 -263
-329 -186
122 905
-1000 750
487 -860
-490 -311
615 364
-697 -498
-568 -164
-923 -148
-228 -750
821 997
-17 405
-377 -661
-421 -489
514 559
-492 558
682 52
-387 -368
54 -709
606 -671
467 -626
296 -984
958 -543
-888 -777
-690 207
-600 -299
-490 -439
-903 -665
78 891
682 -806
-296 839
-87 -769
47 -793
182 -666
406 4
-275 614
905 -763
612 -385
-718 -183
-170 423
304 238
12 -705
633 434
-636 516
-432 -504
-154 -277
-779 986
277 -344
691 48
94 286
-43 575
1 -318
-356 569
-984 953
201 -91
-436 -833
-645 781
203 -543
150 34
221 -714
-392 -440
-728 -758
224 69
363 122
213 370
-928 -391
-875 -471
897 114
-159 -859
-614 -659
85 210
642 867
-183 155
986 692
187 676
66 930
-479 435
343 106
806 186
580 -278
-391 -371
-530 -359
-82 867
-139 -588
-131 -695
282 100
712 -935
-151 -498
717 -690
566 -439
-573 -585
812 -664
828 -302
638 831
-996 -706
-961 44
179 -962
-704 -950
269 -867
191 476
878 -195
733 954
-935 606
706 812
-518 180
-601 -441
-181 256
701 -673
422 -158
504 313
-927 -56
282 -74
632 -783
48 772
456 910
480 68
-602 984
430 573
34 865
575 -666
-75 -44
429 440
988 432
-83 982
316 784
37 702
-288 398
-710 63
-713 315
244 -714
-975 676
-371 -801
557 738
115 815
159 757
-773 545
473 -301
-7 -807
-669 -405
608 -174
687 464
-963 207
281 -972
712 714
-238 -723
98 -295
842 342
-738 861
548 -321
-299 -399
720 -216
100 -468
448 497
918 381
630 993
74 -170
-543 953
247 523
-981 190
401 -660
867 199
8 -657
196 548
-526 531
-726 -634
38 -382
-207 73
8 634
17 -756
-651 961
495 960
-196 721
-74 24
-889 476
561 -312
-529 -571
-534 -47
-807 -49
-66 -737
-329 583
747 562
-61 -356
-539 -158
-30 302
454 957
-154 -199
-260 192
368 -616
-526 -583
320 843
652 768
-214 -758
-883 363
-833 887
-453 -560
-346 -37
384 441
-306 -693
-933 282
-891 -261
-907 -206
-852 -498
-742 -183
16 -668
-174 -997
-909 193
-372 -124
255 -819
-879 893
141 -102
-583 338
-606 -653
-594 834
-287 82
-997 -612
342 997
-617 575
-213 -110
-785 816
-827 -474
454 -419
-319 -585
204 363
-464 -123
-739 857
-107 765
-323 -994
861 -932
677 654
92 -731
961 -943
89 -263
12 448
-932 -425
-357 707
-513 -972
609 822
752 138
-965 708
206 94
-912 -468
812 507
672 -573
-418 -966
-974 734
-490 683
4 -897
-561 949
-557 128
-149 439
-120 286
-842 -601
-327 35
-120 583
843 -940
-955 375
-81 -957
299 -480
-833 -963
220 601
425 -81
-336 104
760 984
371 569
794 463
-720 894
-81 -78
-310 -120
626 593
280 418
-874 835
677 -421
577 780
399 904
-777 -227
-543 -960
793 137
-556 734
-690 -46
615 -557
189 -596
129 -559
-789 -202
-984 -507
-529 -77
-142 494
-111 605
800 -759
-477 589
-788 -551
991 -323
667 449
494 688
60 469
-788 -162
452 -279
349 -287
683 82
563 -34
609 -390
343 569
478 -57
-828 585
678 -930
588 -250
687 -994
-96 -467
-481 -983
323 -698
953 -71
572 -42
557 521
761 -401
71 -55
-832 -588
-951 506
-647 -881
-883 492
-396 -470
164 903
-980 327
337 -820
245 234
-175 -687
-133 -43
369 -141
212 -452
65 -101
-641 557
292 -744
674 549
349 561
463 -929
980 -883
-440 -508
568 -912
807 432
-228 -468
685 954
-77 153
-437 -913
-625 698
-530 919
-970 566
-663 644
-405 383
407 119
699 470
937 523
696 336
472 -854
-765 -46
6 219
555 -834
-624 256
718 -416
-311 -936
743 149
240 580
631 -611
-22 -691
20 -358
564 -765
-658 -204
-691 114
225 -833
-530 -658
-905 300
128 -629
-961 643
279 -36
-822 469
-736 651
-144 -598
906 917
381 56
-490 -392
-901 611
948 -847
691 603
837 497
741 -923
933 809
50 -684
-172 422
-784 -550
787 -946
-181 340
-57 368
-168 -341
-403 -82
485 7
33 -992
-270 -881
-122 672
-228 301
-50 533
-732 459
-680 -984
-614 608
67 12
-544 500
350 635
225 379
57 -734
-319 448
-697 829
-679 894
329 -37
-961 825
48 728
87 -26
518 694
-489 363
244 -910
508 514
395 -578
760 249
691 -457
-801 -258
-145 -662
33 627
668 174
-331 648
-380 464
-737 66
770 -689
457 -496
933 -292
-961 314
324 -186
-268 -667
31 319
-852 -696
77 -944
-830 599
297 342
905 -217
428 785
-79 -992
884 -197
-970 789
-240 -809
228 -215
-908 -480
-693 249
-259 828
789 -194
748 -630
150 789
-444 708
380 169
595 306
-406 -322
468 100
-183 -627
434 -178
195 347
390 -533
-294 588
-326 880
-110 564
671 538
959 286
-702 451
-366 -277
302 277
598 505
-876 -41
668 907
-761 -294
-575 -857
-981 867
584 -148
-426 555
875 837
-428 446
58 -209
-479 532
974 539
-752 -965
-428 -601
432 52
646 -545
873 -326
100 206
-123 -949
264 -257
-799 -802
67 138
607 -520
-870 564
-76 718
774 44
515 780
817 -136
302 -801
190 -754
108 -111
-172 -104
-79 -503
-96 -433
31 887
-77 601
-88 -400
-428 -549
167 849
-33 9
-718 -658
1000 2
-846 718
-390 191
-890 -573
929 731
-291 -877
-808 -104
342 -503
830 860
-623 140
-351 -470
564 -640
-187 -193
-597 -869
-773 193
-766 349
802 -620
779 -716
222 307
436 -464
-869 965
-312 -538
-394 896
732 -227
853 636
121 -653
477 -45
961 497
889 399
784 385
205 433
290 48
-53 241
-652 23
663 -920
532 738
780 -773
393 732
997 -666
428 192
139 79
70 954
132 -467
-760 -403
-788 -153
-385 983
854 -308
-370 -187
602 677
-974 -356
109 -461
453 408
-380 153
-228 83
-707 530
819 -826
-482 -28
374 793
704 -525
839 797
-440 -997
-802 -64
432 -564
-763 -126
888 111
315 45
-892 425
947 -25
-688 747
-881 11
-972 -178
-135 263
-658 514
-669 -263
324 -910
-808 208
859 695
-882 439
153 -826
-235 -131
443 98
-467 -964
-244 -382
-665 60
216 -816
170 770
323 -81
-26 488
34 -508
819 -370
325 983
-70 -600
-620 -231
-235 -93
-789 762
342 530
564 -625
-553 176
669 -407
-174 -281
515 677
-187 -926
-897 -555
305 -467
914 -266
-11 714
885 656
140 -271
970 -47
713 -673
283 893
380 693
-907 403
76 -787
937 371
797 898
556 818
632 -296
-7 783
-145 -60
273 454
351 -279
-101 -327
-449 -213
913 -547
-191 683
-902 -282
-303 -460
62 -890
-242 -996
-937 157
-559 -952
31 41
478 259
-894 -719
36 -60
61 329
-916 231
-755 -527
-634 -406
-893 764
559 928
397 355
482 608
-932 -395
-685 -219
-176 -229
530 -967
80 714
795 -725
670 -675
281 -598
354 -232
-364 -549
-439 -459
-699 -949
-387 -817
-493 -481
-545 -412
-192 549
556 655
-779 -308
950 17
-861 351
-990 -62
124 -917
-492 377
-703 -377
-637 -899
-429 -79
-433 -713
963 -847
14 735
-570 337
550 -52
297 237
-887 -689
569 -601
479 658
-121 682
924 623
-716 863
-706 -955
-983 244
182 687
-514 655
-66 -333
-333 661
677 484
448 880
-421 762
-957 348
-837 448
-696 800
393 -729
-841 57
-611 315
909 954
-406 -971
777 579
-868 -489
-359 935
-475 362
-970 805
-695 -656
29 -748
-763 773
-364 212
247 249
-604 287
-818 830
869 403
-140 235
-653 406
190 133
-722 509
-311 -392
511 859
840 -666
572 -657
-330 486
678 -616
506 455
-512 -193
-821 -323
-593 -780
-480 -765
-190 916
166 -105
-221 740
132 902
328 -986
-762 -73
457 -230
-65 318
911 -600
-971 -627
851 43
954 -739
-529 -407
-735 601
-457 -58
-378 -78
-319 645
-571 -317
305 900
-934 -937
-461 395
-624 112
-469 652
-243 573
830 -309
151 291
-638 835
-424 712
646 936
274 -74
375 -204
-346 58
31 -225
-666 -801
-526 -871
294 10
575 950
-21 -208
467 463
265 -758
-272 -160
-145 718
774 481
926 324
475 105
-49 -868
-210 28
792 499
-212 147
-347 -759
-198 971
-904 -182
119 -283
482 47
210 485
-622 -927
942 -349
689 70
992 -911
707 -489
-551 -686
750 -642
-805 -408
579 459
317 -107
654 -724
-761 -653
541 -236
-624 241
557 679
25 159
796 122
146 -209
920 827
875 -424
965 -792
-886 68
710 -146
-653 -857
101 656
-828 573
950 491
-373 -615
818 -101
-623 -617
-998 334
-992 -360
557 -356
-680 -419
95 -557
-106 367
-681 777
-245 197
-197 -872
317 786
-841 -447
-602 -133
874 -110
949 -708
3 -760
144 350
-55 -108
-767 137
590 278
527 411
-342 570
-815 -33
-438 590
227 -906
410 -934
-811 203
676 -226
403 307
500 927
891 874
-761 -135
437 544
282 -916
-689 803
878 -388
-467 -791
43 18
504 928
-595 -27
-628 969
-794 914
207 461
388 -221
100 500
817 -105
-306 -585
44 191
-713 21
-63 -354
-527 830
-258 -31
896 30
-487 -650
-380 -901
949 607
-725 -375
-556 40
895 513
-5 211
485 -252
-596 980
124 -253
240 158
826 737
-454 -235
-252 385
-240 409
982 -295
668 674
-29 -114
13 -642
-642 928
939 778
648 -751
-531 -964
967 857
472 -927
-21 -81
-543 -641
-358 -546
841 -806
443 555
394 -743
-937 -332
-580 347
-197 -901
-977 595
288 791
931 -686
-264 499
-894 -370
-470 711
904 -645
487 -870
223 749
303 773
756 -531
-9 -722
861 170
-870 479
-535 -670
-553 -854
123 -137
640 546
428 580
161 137
-76 868
490 -552
303 -416
-949 879
-889 382
-467 -814
-757 770
-45 -313
13 880
-929 -392
-31 -707
512 165
-682 878
-120 -313
-554 978
-575 -757
-433 445
-535 -596
266 -293
-167 332
250 -913
155 299
-720 70
-394 -492
313 512
-185 -95
175 643
365 327
288 100
161 963
-620 -970
157 513
-625 127
-473 -22
-326 383
541 840
-110 -302
707 -499
766 94
847 -946
-785 -958
-290 -597
732 -221
732 424
239 -938
-773 76
756 3
-93 871
927 413
278 542
-695 599
603 271
347 -758
831 -646
-107 -922
486 970
-762 -329
-538 -685
-185 -19
520 411
-40 -655
378 -628
43 64
276 892
933 165
-492 -924
730 -752
-436 -10
784 498
-367 -856
719 581
-608 -824
-699 36
-298 -449
295 836
-149 287
-55 116
879 329
144 -40
797 995
826 248
608 -630
-381 442
-715 606
-97 244
105 262
-222 964
315 639
-547 -296
-881 838
-792 -171
-264 -137
485 510
-699 -839
682 414
-891 -949
482 -895
765 420
584 -747
87 -200
-179 504
-53 355
38 -73
-931 166
508 -553
107 9
-666 -996
323 671
-801 107
877 439
-715 -611
-983 -448
-618 144
-387 -72
877 -914
-735 -367
155 262
-191 739
-898 -177
110 202
-917 316
-988 242
-722 -28
-203 619
-176 494
-602 -910
-570 576
-556 758
699 -338
-256 396
-543 695
-660 -667
852 -185
-506 -378
797 251
540 517
247 -416
-213 -931
809 730
241 -199
-601 -634
889 -582
281 -292
-161 18
-644 -475
-248 928
86 8
114 758
200 270
104 -224
-543 -25
-659 -69
244 564
751 306
567 91
25 -92
-75 -791
227 -149
786 -720
-890 -230
399 -453
316 475
-40 21
652 740
-195 -168
623 821
-310 196
644 932
-971 -720
-789 196
292 -676
218 107
513 -478
-183 -755
885 -440
0 534
744 -226
-483 568
-152 904
993 733
430 381
-610 679
-400 779
-484 -548
107 194
236 -51
537 -319
-160 210
401 -607
-991 -450
7 -635
934 -985
-870 995
-255 -623
971 381
837 -358
-724 795
-704 866
526 -330
-281 124
-244 184
-804 -85
803 -399
219 -309
773 719
811 29
869 -265
831 324
-718 518
824 -704
-658 -793
793 315
-550 238
-162 442
-380 169
72 761
-773 444
977 -910
-818 490
-19 957
333 2
-202 -591
588 -844
423 -77
563 -623
-759 89
-854 -313
543 -617
794 86
-508 -614
-770 -798
318 35
-884 605
546 -869
-499 944
-629 -900
-839 -69
411 -454
-306 -399
-372 847
246 743
244 393
-697 753
359 92
-340 -67
-380 459
446 -147
-746 863
900 -771
-837 -417
478 412
-23 -761
974 348
887 -72
83 311
979 999
224 780
-346 -744
-842 -551
-900 229
287 808
447 856
-852 -938
-964 241
-981 -987
324 -978
393 -335
276 651
-536 -168
855 496
-896 404
-525 -914
-622 317
48 463
-966 -203
824 -742
-624 683
789 -80
560 -951
399 -859
902 446
964 645
203 232
230 903
-55 -29
41 1
-620 427
935 880
-67 121
-876 -438
165 -279
-859 -194
-40 -592
582 373
983 -705
833 65
214 -479
206 -856
-924 251
-781 439
673 496
901 387
-923 -648
-667 -896
417 212
857 -330
949 70
-674 171
-981 10
-139 160
608 -802
649 -650
185 -193
-700 -613
203 -312
462 341
590 -343
213 307
993 529
-969 506
-652 -619
520 -222
539 681
-31 -523
-665 505
-539 953
-233 883
382 -957
583 -685
-693 -884
823 629
-551 294
-813 664
-373 91
-161 713
-4 153
429 -245
401 449
-757 -250
-323 64
521 903
71 783
83 -417
535 588
-637 936
127 -553
-140 -69
-932 60
-620 -966
-771 -399
-455 210
497 -788
287 -723
-118 -549
396 -193
-135 443
122 351
-270 -920
-703 -368
-18 707
-863 -11
630 667
276 -401
730 822
-303 -845
593 265
-343 -397
239 -710
199 466
-400 -472
-750 -537
794 -477
761 694
108 -923
203 600
-871 -338
-453 318
-981 -119
367 -691
271 -777
517 10
637 -40
-505 -716
-377 -3
-944 -62
-182 429
-494 810
383 326
-496 822
-781 785
832 -874
-825 -734
211 -374
-777 675
-848 -295
341 -739
-344 613
-535 -426
-245 192
556 -401
1000 -464
-728 479
644 833
908 -933
-139 -170
-619 668
-302 364
-94 -290
-751 620
98 619
904 -991
585 -414
957 899
-62 130
-105 -99
-661 737
212 -753
521 536
72 572
-834 84
-418 -773
872 -499
744 679
171 474
-649 -667
-85 -701
877 -724
70 -785
920 339
-640 569
856 -760
-298 339
-943 18
-320 465
127 -739
862 704
-41 268
-640 706
172 520
-851 -244
159 404
-656 -151
384 -471
242 -500
717 -859
8 47
559 576
89 926
885 -123
349 781
878 200
553 572
869 -63
137 616
-677 -124
867 636
-902 515
836 900
-208 836
-71 -548
-248 -225
-516 -267
426 822
72 -35
-954 -521
575 505
613 -17
-777 55
-834 601
-464 60
-468 629
561 101
-695 -234
317 553
909 -331
202 145
105 -980
273 191
-892 -845
-911 695
907 351
24 761
777 -125
-566 184
-858 949
371 979
-876 -501
350 8
647 -189
-909 0
620 610
-812 -840
296 -989
-602 -931
576 -341
341 340
-79 -740
310 224
400 445
-666 254
841 -77
-384 -306
545 194
-251 -66
811 191
-1000 790
-831 205
-851 504
452 -501
104 506
602 -86
-89 -969
-245 -101
-927 103
800 -275
-127 452
71 -725
897 -862
731 -124
-769 707
-787 -243
-33 -796
-159 475
57 -544
-402 496
500 -358
856 -470
715 -974
-454 -934
657 918
-186 493
-717 -452
-146 -172
-813 -245
116 16
427 -439
62 210
-442 -741
-549 651
-543 0
761 -601
-411 480
-625 70
-719 933
392 178
481 -488
-555 42
-672 -253
50 29
-356 503
221 943
-634 -707
-481 -820
900 578
966 792
623 596
241 22
-517 39
249 -820
725 -835
596 -116
444 92
-73 812
945 -486
647 -444
182 736
318 -387
-89 343
-837 308
915 -401
533 945
638 -564
-746 178
-604 254
605 -952
-710 -412
-93 -453
-426 83
538 -372
764 -278
504 169
-822 23
753 141
202 591
-21 473
-105 75
-469 -791
-153 -720
-709 306
972 379
-175 358
765 689
-689 -594
924 -421
-642 -388
942 -128
450 -191
217 -811
-486 752
296 789
-444 451
219 658
233 -649
-61 -177
-428 -547
323 -852
206 -514
-485 865
382 -314
-443 586
806 739
246 524
-516 428
-775 -881
-346 819
-566 279
-423 -194
-145 -192
433 -172
684 195
55 486
-18 543
-249 908
284 -982
-331 423
242 704
782 -535
-31 -358
264 414
-974 655
212 -155
-575 407
210 396
-907 -631
590 807
-378 431
-469 637
-768 -544
858 145
-33 636
172 216
-469 -915
-882 762
-689 -747
-21 -4
-802 261
475 664
239 -211
460 963
967 -509
673 517
16 -401
324 -186
115 989
-264 -481
-880 8
394 105
908 582
860 -497
444 -348
-586 -571
-565 -631
-726 -882
857 -189
542 577
-801 -230
-291 -63
-440 620
-488 566
-657 574
-469 -510
297 519
441 -579
803 -628
721 158
468 -361
-520 -449
-595 -122
-1000 -304
-884 -914
-566 -967
-374 -417
-796 -765
389 618
-755 -44
-438 -200
702 797
559 180
514 -889
-816 662
361 447
-636 838
-343 -876
-722 -273
-373 797
-227 -36
-52 -10
-302 -406
-270 115
907 169
-246 -188
744 -236
-746 -147
-61 -27
-168 903
-301 -289
-14 -406
606 619
-310 -778
666 -544
-583 -820
-489 709
815 742
-215 -845
-954 707
944 -70
432 936
-819 759
801 -649
-879 -885
-537 370
972 -621
7 -881
-763 24
-193 -523
-326 687
256 -857
-617 -112
137 673
752 989
191 318
-938 69
-798 86
846 185
209 336
217 18
751 -296
903 -65
329 -647
337 -570
317 417
232 558
-323 -175
258 245
-767 480
-225 764
153 659
-975 214
612 -75
-428 64
-788 968
203 572
