400 1
-287 242
-484 263
213 595
245 -735
-685 -710
-472 319
-23 -623
-61 924
-413 -944
737 847
928 900
889 -956
-762 425
362 988
-398 -424
381 856
536 -342
-937 477
632 -222
-935 648
223 537
-136 -161
12 761
-698 56
677 -786
-831 -761
119 918
-971 -562
560 -452
-317 -753
278 268
-103 -644
654 645
576 511
822 855
-436 -253
553 877
375 -498
115 854
-38 979
-361 -227
532 -729
465 -596
226 349
182 -618
-585 -968
42 -314
-299 53
-19 -692
718 -978
-749 -947
623 -306
-73 -555
-454 654
-99 512
25 -334
244 174
560 606
-907 -931
-163 -905
506 -715
-790 -7
-647 604
552 -164
-200 -440
-1 616
-401 121
-462 -993
637 -243
-122 -503
419 -817
-499 -805
929 5
-658 862
905 201
329 -723
818 -782
794 -474
236 482
-588 945
45 -276
-663 481
499 -474
635 64
826 -11
406 -529
300 -379
-790 993
820 141
-218 341
-125 938
454 306
346 -773
-674 604
-719 -394
-451 -40
-464 560
-838 343
350 288
725 195
296 -264
-443 106
968 -316
-58 409
956 -878
-497 585
616 -111
-135 515
90 931
-85 -410
-515 117
-422 510
995 -698
-535 -666
-829 998
-921 533
259 303
-997 150
-448 -509
-633 415
-881 761
556 893
-293 947
-649 -665
-810 624
814 -337
589 -977
-466 324
-127 779
-708 -344
-682 109
400 -652
566 -840
-509 976
610 391
-97 954
740 617
-391 708
217 270
-212 -266
-102 448
710 679
-70 361
211 -985
-641 494
-831 852
693 60
-95 -763
-124 571
-866 33
-756 112
569 -666
411 -418
267 850
738 227
-217 798
533 263
341 448
-457 -178
-108 998
-687 943
-727 -952
96 -302
-74 90
-939 -493
733 -485
-855 -758
-215 -970
-164 -407
-36 -367
366 -320
-341 352
-855 429
96 699
-915 900
-294 562
-332 122
716 539
470 -623
716 713
-36 3
-900 -938
-636 838
679 -879
-578 -392
-733 -272
-917 -546
-945 48
750 -111
-980 866
-579 -747
-885 -917
-466 846
-480 116
748 396
88 -532
302 -93
-416 585
-424 -54
-689 -881
556 -770
998 930
541 575
-848 -927
-417 -568
-208 628
522 816
-257 246
-722 390
594 493
219 237
844 -198
145 -339
-809 345
415 -470
-313 329
696 96
-251 12
205 544
-155 -599
-562 261
136 -245
-836 175
169 599
761 -109
44 784
-882 959
569 -557
-77 500
101 447
-265 -54
-960 -581
594 491
189 509
-317 976
-731 -649
139 953
-715 -621
436 839
753 -787
-14 324
-422 294
-685 -667
23 116
43 512
727 470
-901 13
-282 -458
-284 461
-506 -143
30 -245
551 -678
132 701
104 -545
-18 86
-500 921
321 -484
-535 -281
-547 -687
515 141
290 -672
-941 -926
273 972
-652 355
529 -126
163 329
-238 614
458 -358
366 -529
-199 -106
734 -862
554 271
-162 977
-930 465
-818 -676
-833 381
-249 -557
582 375
519 -544
82 441
372 255
245 432
102 -196
-305 329
793 -123
-479 535
739 -329
-811 623
16 -253
-984 -928
-141 445
-808 128
-263 -858
289 114
528 -452
490 -917
858 294
933 -535
-118 -718
-208 -713
450 -800
261 152
-50 -168
-483 -848
-430 -135
-536 680
-311 512
-443 917
594 -137
754 66
-586 829
543 -961
697 -312
-743 -260
748 614
-866 -638
-427 891
788 834
411 -124
277 684
-234 644
901 -348
433 -395
-845 753
-218 341
-992 -659
17 -69
965 86
147 625
-928 630
-721 714
765 976
750 492
-809 984
429 133
888 -380
-313 -311
512 -427
-436 754
742 592
-432 4
157 -800
-490 -526
-340 750
-243 -705
-33 599
-748 -12
913 478
-949 79
75 625
923 -954
611 -820
-498 -704
-43 862
-77 -336
521 -397
265 -137
611 45
551 -578
-829 575
-558 140
-948 421
448 648
-760 983
-357 -702
-338 490
845 71
-644 -746
-814 215
267 -888
-79 -320
21 515
570 -254
-480 -916
449 -559
-525 -100
-659 -768
156 844
729 -931
-570 205
328 -393
949 -254
-417 980
818 869
60 281
-66 649
642 -163
-955 -464
-745 -1
-382 126
94 -429
-659 679
-517 -614
-480 464
335 -965
-351 372
777 -651
48 541
567 -466
-609 -86
628 738
-45 -329
