50 200
-40 -339
58 -247
134 -438
-137 -261
-133 -352
-122 -320
-126 -351
85 -262
-28 -257
-104 -259
-145 -289
-225 -320
37 -436
-176 -299
32 -424
166 -265
-117 -217
-118 -355
25 -484
104 -252
164 -242
-36 -263
40 -138
184 -377
54 -160
54 -310
-94 -381
-144 -381
-102 -390
-38 -314
82 -291
30 -445
147 -254
-64 -185
-98 -246
-59 -422
7 -240
32 -523
99 -241
99 -311
-150 -309
-68 -237
-84 -434
-25 -275
-3 -432
-130 -265
-38 -129
15 -446
129 -203
-107 -378
-269 462
241 793
960 -549
522 -719
-716 -429
657 -468
708 -650
-571 -941
1 973
-949 -159
846 -239
-912 -105
917 645
420 922
821 -258
-825 74
908 656
538 -939
-571 938
680 -611
-820 -328
706 -811
-561 -710
-344 565
-757 796
910 -93
734 80
-439 356
-272 177
-697 198
710 895
-724 -685
-974 293
949 338
697 345
123 484
-368 175
-553 129
890 -211
-198 787
-453 708
-388 -973
355 997
467 765
495 -827
-845 625
853 641
989 957
141 520
979 -298
-825 -117
653 235
117 514
-596 277
551 136
622 -185
408 -700
966 -988
-514 -750
975 -143
345 -954
-978 -871
722 -899
-395 52
-430 -857
495 364
617 -743
-962 -123
-287 584
-918 -223
-268 163
495 643
-896 -411
-548 -875
-540 249
627 371
879 171
-580 -30
-962 -691
725 -59
-870 430
-387 698
-892 -741
910 761
941 -237
971 496
-591 -697
-522 337
-231 442
-622 -146
809 833
515 839
-833 -112
-807 177
986 416
567 -625
-808 872
-500 377
-634 440
792 -850
973 -99
703 -418
848 609
-462 51
-687 306
-776 -802
755 -674
926 29
656 -712
765 -745
809 -581
480 -946
739 -907
640 536
-714 528
994 624
794 -546
824 557
908 -546
-249 395
-736 -228
998 773
992 616
760 -5
53 715
871 -287
256 767
-350 993
691 4
420 950
-209 645
963 -597
-613 530
548 885
-239 -914
657 -603
999 -237
-625 -892
-813 412
-331 -993
930 780
69 937
573 443
-727 -720
-732 121
-757 86
-824 902
556 16
809 -648
-490 -971
-561 593
-696 -794
967 987
-621 -566
895 139
948 -167
-358 -793
398 710
-260 268
-788 853
-327 479
934 -434
-658 709
291 582
-162 919
-539 -51
-181 728
-635 250
-847 -429
-728 -196
-252 914
613 696
957 -787
991 -428
911 -736
-806 -646
798 961
-838 -645
-559 -897
-934 -878
-864 -930
-831 138
-161 554
-991 256
-341 981
928 785
968 563
454 883
-715 -500
644 -791
-704 -654
-895 78
-83 502
965 -597
168 -922
934 -792
888 -95
294 835
785 916
284 984
6 -321
