200 50
970 862
663 757
850 753
860 847
792 692
823 916
702 771
874 792
637 879
624 833
678 898
785 922
746 964
854 967
711 705
737 668
725 733
656 829
750 686
695 857
901 783
915 779
718 729
796 875
842 762
762 653
829 910
676 856
627 941
668 789
740 823
793 866
588 929
575 850
776 868
851 729
647 839
775 967
549 885
587 930
843 835
722 804
866 768
733 775
699 965
723 737
882 804
861 937
642 794
866 773
690 979
750 667
886 836
748 625
893 954
602 921
634 921
883 878
896 957
717 867
750 712
826 769
766 680
756 713
891 948
645 891
631 774
666 721
891 780
791 823
667 934
853 748
751 814
696 899
747 824
952 863
834 842
692 816
867 883
887 836
803 889
819 925
729 652
734 632
674 695
602 776
856 813
731 729
674 986
762 891
792 655
531 850
540 877
666 933
905 857
926 850
643 976
923 929
739 840
902 878
732 655
840 772
784 962
886 942
792 713
693 897
769 761
816 889
699 909
808 826
708 682
580 868
582 797
784 862
798 761
961 855
872 852
602 777
645 881
968 862
805 866
769 806
770 656
587 922
886 752
653 857
966 868
862 913
821 817
766 629
746 789
829 701
551 876
822 686
748 866
673 941
955 824
644 756
709 903
794 825
691 823
853 866
916 937
753 775
641 930
738 726
743 630
755 865
919 805
694 958
676 984
793 848
828 891
772 634
848 934
750 811
718 729
711 838
834 712
832 808
839 919
711 729
731 982
799 906
771 876
975 852
767 723
907 864
836 977
880 946
859 719
564 835
578 909
863 968
670 790
587 834
628 856
684 705
775 702
804 957
856 995
650 882
906 821
776 706
771 788
796 706
795 965
655 860
928 820
855 986
801 672
734 850
854 858
755 886
707 880
607 857
962 866
863 868
810 786
810 929
-691 871
-794 -760
-903 548
127 -409
-105 -890
987 -348
-687 -760
-990 554
900 -297
724 -657
-277 -205
3 -672
79 640
-497 -314
-897 670
-120 -240
299 479
372 281
-742 -694
154 143
860 -952
-290 -541
-757 -778
-651 508
69 97
873 -156
618 -475
-703 13
11 -640
-12 -456
-645 -10
2 534
167 -239
349 -537
-903 -651
-130 598
944 207
920 -27
54 -883
344 257
294 -745
7 -393
-707 -223
-928 -42
208 216
452 -239
45 -209
730 -499
-939 190
401 -210
754 860
