200 200
164 -703
379 -309
341 936
878 650
-66 723
125 -377
365 -338
-416 93
-2 -162
-794 -700
745 545
-749 -974
-830 263
74 788
-304 51
-970 -690
590 -499
-600 965
356 -957
-157 -846
169 114
-280 479
100 654
-552 -281
-922 967
-973 887
323 2
-760 77
424 480
-563 -853
352 -147
-296 675
-909 476
278 -943
-709 609
-553 479
-564 -453
979 -776
-226 230
-299 664
-706 -163
956 907
-482 -23
-841 -855
-841 203
-53 -767
-280 750
42 653
861 881
995 14
-867 572
843 -706
-998 -782
428 -515
-361 633
-950 -953
-227 -114
-754 676
-238 -769
-136 420
-37 732
-860 673
-836 -766
-965 978
-949 802
320 179
18 798
551 644
-856 -17
-137 -418
507 -881
451 -507
486 361
-342 -817
-239 617
485 -434
-550 -122
-247 -418
-91 -354
93 -278
-274 -609
586 -490
219 -180
978 -476
-991 754
852 -673
680 -439
-106 724
-565 -964
629 -400
123 287
-631 122
-201 522
378 -981
-104 -464
-174 670
90 938
774 445
988 822
-999 215
-118 527
-497 -806
113 -141
613 -84
-136 -776
-804 170
34 210
190 45
-462 -859
186 -409
-12 325
-84 457
-51 -775
-140 185
383 -576
-422 697
535 -872
-450 -362
788 -56
61 -959
-83 -621
630 808
185 805
-666 250
-135 508
-428 163
-14 742
10 205
961 -741
281 -410
71 664
-304 665
-224 -967
-739 -19
827 -791
-284 -205
-694 869
-246 -97
42 -660
998 509
-413 481
-842 -944
35 662
24 828
886 318
-822 280
338 -211
-936 -372
-1 -173
-701 -174
-102 753
220 -749
-424 -3
427 -603
-377 600
207 998
-970 -531
-291 806
771 -101
780 -683
-275 -536
-74 354
963 -616
953 554
-924 -833
-140 820
160 410
766 935
-291 -870
-512 -582
-490 419
191 -307
-173 -175
109 -585
836 -881
-668 -565
-896 -589
157 603
514 -338
160 675
-440 -309
-563 -59
-835 -956
-443 325
652 -660
901 -59
-652 414
249 -267
-358 806
-926 156
-993 -724
68 172
490 -9
-202 155
-728 171
203 673
713 -540
-617 -667
-688 628
982 434
-974 763
-800 -249
978 -961
-587 -325
-63 917
-674 -931
115 -694
-376 617
-360 -340
227 -877
-538 -427
-26 304
-978 -932
99 -777
-189 914
-250 -737
936 -511
249 235
950 335
569 211
240 -802
-323 -703
-822 594
130 -56
494 354
-848 762
-606 931
2 -264
-205 607
527 -198
105 308
634 242
-606 52
-652 698
-215 227
-813 -522
-802 -12
-74 -12
72 -692
489 -845
-922 -420
-556 -295
-342 -181
969 -794
-669 738
-153 -306
-638 -486
-194 406
867 -42
325 33
448 -834
-251 -317
940 735
-702 -235
-361 -490
738 -21
-764 678
-413 -107
-416 -151
-995 -862
528 116
910 -515
-735 526
935 587
314 -638
-761 784
-823 262
-136 627
-340 85
-576 -32
-449 -512
-973 220
668 280
-832 -682
673 623
271 100
662 737
-70 -210
666 -751
-30 -339
-903 -47
-592 -36
-273 918
951 328
-915 -677
210 17
-784 437
-263 -381
35 11
-868 852
259 712
754 -881
935 -543
-545 169
158 -286
-876 -961
264 -221
197 -336
966 371
433 933
-578 -730
541 -238
-121 -327
57 -478
433 -500
59 -600
48 98
334 578
-37 694
746 388
24 21
-287 366
952 -281
-524 876
744 -778
-245 33
750 369
-349 949
729 -841
-188 297
-66 744
-646 -603
216 -951
218 -406
-569 -409
-361 -826
-903 -79
-427 359
-700 -76
-229 -503
-127 863
606 -541
-774 -374
-620 626
-647 -542
-317 -60
-9 -86
-336 -253
948 665
285 160
-121 530
583 651
840 -316
926 -587
715 800
942 -345
603 -658
737 -300
310 -910
-744 -976
460 -678
-307 -148
176 539
876 -469
-871 -412
444 -527
928 486
750 -196
819 190
692 660
-170 870
439 -356
-589 -566
28 221
-677 395
-906 -590
998 -784
-352 475
-702 680
-954 50
278 -198
-859 225
-209 -275
-700 -781
718 -718
20 -680
117 -56
348 975
-68 21
294 540
-52 -259
-315 464
-132 351
659 698
-217 463
970 153
84 38
947 -778
-869 341
148 -927
-518 414
485 918
-613 94
-471 -182
-421 224
794 864
-111 426
-498 938
379 791
898 616
-831 -341
