200 60
-369 846
-247 -716
733 74
237 172
-311 -416
96 -448
-416 -515
200 29
-152 42
865 -115
231 582
517 -752
362 609
394 217
-771 -634
279 -98
-541 834
-223 -4
594 -844
855 608
-615 -572
174 -158
621 703
-619 -239
-84 143
-501 -887
-733 -484
-533 -319
919 -516
-989 52
894 -39
-822 -641
-407 745
-990 -655
551 468
696 385
-191 -381
-348 824
554 -770
-379 -434
-712 -584
347 592
-188 -623
195 561
-677 700
280 420
-635 -517
-161 -859
-138 -222
-187 -964
566 813
40 334
-101 -475
-280 -68
951 -555
-819 -834
82 -495
-985 871
-746 611
763 510
-778 -384
-786 -879
264 -636
184 449
810 676
-192 -452
954 199
286 833
960 116
-499 -187
-331 105
-436 364
45 214
-243 474
875 -778
140 610
939 225
-2 -468
-346 85
638 -640
160 848
622 970
-165 4
744 345
559 595
721 -244
180 -11
358 437
-257 940
-249 774
865 976
-135 -450
303 723
-776 -272
-801 940
-717 -670
773 269
-264 873
-969 -615
-439 -844
-632 932
451 -929
-503 -652
163 -93
-811 538
-416 999
-994 83
-306 -611
551 722
-31 184
130 520
199 -438
632 972
654 350
375 -952
171 226
-70 80
235 932
319 -720
-690 891
824 -735
634 -115
-331 321
-787 -942
20 -435
-882 569
674 -319
584 -287
297 784
-926 -772
633 251
191 479
510 544
753 -872
-128 438
-680 -140
-22 538
40 -47
-490 -467
-180 -879
512 -973
184 -1
-367 -332
700 706
-347 108
-968 571
-78 -258
791 -449
305 311
558 -724
-761 588
881 633
-614 -657
-379 538
-305 81
-31 -426
-347 -61
2 -645
-403 863
-255 -259
-323 438
412 967
996 442
810 -218
-696 159
-840 28
-269 932
23 485
-757 257
847 137
493 -647
939 664
-600 -590
735 848
542 -48
-729 -854
667 215
626 129
-395 -142
457 71
-463 -431
127 629
-289 -715
790 -771
-165 -313
138 -114
296 -872
319 230
84 843
446 97
-664 713
-601 -936
-651 -887
71 566
-644 -527
620 -6
88 655
-145 764
369 426
952 -984
-687 856
-328 574
-256 211
273 -370
-910 737
-471 -291
143 540
-545 964
-557 598
-233 611
842 828
766 -104
981 -987
717 -117
734 -933
-297 962
966 -583
303 -656
-595 784
-101 -365
-232 -761
980 -762
631 868
-149 348
987 -506
-228 596
607 666
-798 -384
-393 -804
-638 717
-675 728
646 -228
-674 -889
-29 -936
389 247
560 -571
-368 101
733 229
309 -379
355 973
593 60
991 605
-364 -203
81 -805
275 -588
-579 29
144 597
-559 109
184 767
690 783
645 734
433 646
87 113
-10 -435
-312 855
446 -405
-351 452
219 -897
-143 -510
226 271
-227 401
