500 500
-892 43
727 -613
193 193
513 -91
274 -106
-793 -672
237 -809
229 912
696 525
-309 225
784 12
924 -907
-861 -593
-633 893
783 94
897 -308
-871 433
599 -360
485 -359
-901 57
-536 837
820 -725
-438 -803
404 372
-275 981
-254 258
685 758
-285 183
287 -478
77 -755
949 -332
-531 -908
-670 -556
70 -3
166 -803
422 825
458 -915
-461 -105
-534 110
-874 612
158 847
860 364
935 -287
112 -975
-625 -405
-678 883
102 -583
777 -39
-678 -928
-301 657
-505 -243
-421 -146
158 582
-791 194
-25 -54
-27 -270
505 282
96 206
-827 393
415 -479
694 637
-165 -924
224 -487
-697 75
-714 -258
-899 -105
289 -953
191 72
82 772
-440 749
266 180
843 -166
-277 136
674 -140
374 893
39 -74
-591 -58
139 341
-785 -965
997 -719
188 499
643 734
4 761
918 143
124 -725
-511 743
-727 -603
967 305
583 620
-137 -933
-937 935
419 903
392 -375
746 -77
-634 -940
-268 -623
-839 899
427 250
337 -672
185 -616
-414 257
722 879
-701 -349
224 -74
-237 177
350 806
-137 -223
-516 -281
714 -222
974 -435
832 -235
86 -746
-643 -210
632 -839
-463 293
-26 -584
-121 933
607 -671
294 -395
948 215
-548 -416
-14 -927
-188 46
-257 -182
850 76
-55 906
-710 -552
-647 77
-452 147
-582 -901
-514 766
135 -156
680 394
-521 -968
-347 242
-109 200
234 -487
-154 -642
-487 601
423 842
509 657
-985 -800
-342 329
641 -912
-100 723
-290 923
895 -496
-874 -555
-508 190
-922 722
-39 293
-647 489
596 706
-908 -829
501 493
-211 5
230 -919
-552 -609
-370 -323
-19 987
-495 -779
-875 -379
-954 -497
-665 881
-775 954
-665 -113
-313 622
-684 988
-116 -445
963 911
-515 -200
328 154
412 520
-864 -149
911 340
399 -572
461 548
950 -196
-475 -716
8 -664
285 -884
-229 589
65 675
661 -977
-923 675
-811 619
67 576
936 -95
219 28
44 984
-321 504
574 -75
328 443
627 -101
21 -189
353 458
790 -215
-328 956
-588 -967
973 -428
-113 -514
462 385
-722 -430
792 -130
-87 -623
759 -9
85 700
-984 -827
-740 -295
-528 -115
138 904
944 -748
242 185
-225 864
-109 645
700 575
-164 -207
-962 -604
-155 -194
-409 -794
870 -459
614 254
-444 -133
97 -932
-40 -633
191 -868
-92 -417
-373 -684
505 -44
558 -442
366 -939
259 -897
-916 356
20 706
-263 -662
-301 -742
-629 736
-619 -395
641 -753
-748 140
643 300
-709 -366
510 -623
-61 330
730 -694
580 121
-493 290
-574 29
240 754
-55 -421
-106 141
-758 -262
809 -270
149 -17
471 -326
911 -306
-545 -920
63 875
478 -535
263 438
389 -746
986 -904
292 76
-845 439
700 -533
500 412
-291 -468
926 322
124 181
875 704
-694 237
865 555
-876 -27
-741 73
-455 -759
-528 86
931 207
399 289
701 767
-433 -867
2 61
-336 -893
-200 434
-233 -364
430 378
-508 -211
623 985
-821 -510
72 665
252 360
-747 412
700 -339
-28 -391
855 -734
923 948
873 -750
-161 358
-988 630
-233 -973
936 984
-271 341
-514 -189
-151 671
917 -842
557 506
-939 21
-515 531
-473 -151
402 558
835 -468
9 324
-272 332
908 -437
-709 -459
-129 304
-982 783
-810 896
303 337
115 -916
261 -371
252 -921
909 -778
4 -881
-912 284
176 -106
42 963
-531 -333
-839 582
516 -171
601 -102
626 307
505 386
213 -853
-172 92
470 596
-743 323
234 167
-7 -186
-396 176
677 -777
851 243
672 265
-328 -659
-621 535
-456 -220
842 -690
-180 -268
520 333
-510 -250
709 351
-978 -740
625 694
726 432
-810 426
-272 415
874 -247
-534 503
264 -950
-734 -655
178 -576
691 -255
21 -14
832 -947
277 871
832 -608
-391 812
994 -12
-735 -530
863 -972
70 -301
-260 -264
-188 -61
-504 -916
-807 -470
-543 473
444 -450
749 768
-54 661
341 797
433 797
-945 177
-326 267
-905 -529
424 945
-869 -278
857 402
734 -212
-678 -222
601 28
818 774
648 324
-829 -885
899 265
1000 173
-339 -649
41 576
-890 973
307 303
330 977
-398 865
158 -347
-611 -218
752 -749
-182 281
592 137
-340 -217
-415 189
827 -253
38 717
915 184
-658 -849
-22 107
491 -342
925 646
-821 -767
-78 -983
-39 919
-497 -664
327 511
-651 388
-602 799
-403 426
-357 -699
281 751
230 -310
238 136
934 985
-52 166
-570 201
802 -757
-774 -452
-609 -488
625 -182
-700 448
-509 -761
-937 922
-849 -615
-543 383
939 -455
576 713
-735 -291
118 991
963 352
-82 -107
-943 829
-330 -265
-450 905
-197 324
-358 -915
-456 -457
462 -20
-371 785
-686 -728
-986 -567
-961 759
758 441
870 177
98 699
618 207
-143 -93
388 120
222 376
-306 -825
729 569
359 73
485 84
-6 -62
821 400
-129 -651
717 -754
-851 337
-610 -472
-318 -23
-456 -845
298 -917
-960 157
996 289
-846 -944
-979 -671
222 -275
-764 991
343 543
348 164
-146 -733
356 -360
716 -427
368 685
-345 -559
906 -164
340 -194
-732 -275
-421 417
-794 -555
986 619
757 -488
-835 -638
598 -88
-451 313
-619 0
463 983
816 360
-379 -237
480 -635
349 315
977 809
-455 122
-948 77
-373 -24
394 -192
-217 525
-223 -68
-998 841
-646 804
-508 -331
-286 693
28 -927
901 -243
-270 301
-579 15
673 620
-387 414
281 -648
-799 -162
-19 526
-817 -56
-80 568
-317 982
-341 -541
-714 48
-338 -824
-503 117
621 878
-668 435
705 229
-748 -518
-776 -719
-825 426
962 608
-216 -925
583 971
918 -165
-633 -870
-229 264
-841 -860
-565 -507
351 -804
-239 865
267 -915
374 -358
-529 -984
568 3
-190 -504
396 142
-659 904
-389 -879
18 -334
648 694
362 895
655 -844
-766 983
207 780
-829 -571
-532 -821
995 -840
263 702
-299 -967
-751 391
-243 440
871 449
-152 47
51 -890
-481 398
689 270
159 -364
533 -458
-817 -977
-382 -967
718 -699
-526 917
-735 -327
-878 685
15 -459
132 484
22 -929
990 222
435 888
-298 952
913 676
-424 -37
-857 628
-10 -783
157 -526
-387 -669
-734 -801
-716 613
-957 20
416 319
731 -409
-37 700
986 391
-666 -619
94 -728
-92 -595
833 966
-688 794
-199 -773
-412 426
-305 -653
-312 881
583 -440
479 574
-524 -476
373 -782
29 504
-399 -213
-455 -268
275 -185
-113 -300
-889 370
-505 925
-271 -68
200 320
858 877
-563 299
-945 970
341 245
470 -863
908 699
462 -176
741 138
-575 -780
208 756
705 708
549 -289
232 -275
-62 922
984 -638
676 812
238 -289
431 -194
538 -197
693 -454
17 -380
-246 207
-897 -730
433 -39
-977 -687
-858 -780
824 -70
-784 702
-666 -623
-290 957
372 35
335 836
-467 257
76 919
36 913
325 -14
804 -787
-342 -899
-574 -362
-394 -110
208 -51
632 -845
436 803
132 -269
649 45
256 -375
89 75
-553 -57
-187 334
-3 314
-908 612
602 126
-902 -897
-386 172
-270 -354
-5 -766
-400 22
262 -320
-687 499
-107 209
-805 784
-542 -449
673 -905
-278 -292
-580 744
52 -23
-251 -339
-168 452
542 359
16 -367
-694 215
394 -651
867 -316
-451 361
723 604
-656 -339
-588 59
361 -489
253 -184
630 592
652 -645
-141 -689
151 -166
-26 -2
-862 588
-663 -110
-909 -807
-921 -367
459 -286
-195 -345
220 -190
668 818
-744 128
-483 623
-731 -211
775 -690
171 -121
-112 -980
522 488
509 -737
805 287
60 923
-871 -575
-464 -416
906 33
-420 -268
-992 -229
-535 -152
-738 453
-266 -377
-546 -455
-667 411
-443 -855
-292 -630
165 -937
-185 456
-741 -190
-19 569
94 953
233 158
-789 340
-339 248
-210 -354
-682 268
48 -125
-670 -10
23 469
734 17
354 -628
781 802
-325 867
-863 545
807 -885
-999 -391
-434 17
271 -129
925 -501
357 263
958 996
469 254
672 -182
-4 -315
2 -521
85 287
-268 341
398 -132
-974 -105
-344 663
825 442
-292 25
570 -601
-634 695
900 -402
982 -522
-961 -282
201 60
26 -338
-792 137
-175 808
-410 24
132 -770
-889 418
313 -6
-289 -806
119 129
613 700
738 46
45 927
-861 879
393 -340
-695 731
-42 678
945 -605
106 136
64 -148
781 393
812 663
603 133
-203 222
-46 521
52 -73
-791 514
-272 418
-693 -844
-182 -140
-215 -192
653 -679
203 246
453 277
883 -741
470 661
-420 -742
891 849
377 702
-431 544
211 -288
-559 -932
604 -282
-195 75
730 -99
-904 -238
6 -579
783 291
586 743
714 934
-934 -896
-22 -337
-778 -3
111 -968
-469 353
625 -924
-569 204
-590 103
-697 -766
-456 212
942 -770
595 430
-157 -645
477 729
-967 -722
-662 -666
-392 -987
979 -255
-815 -978
-138 662
821 -161
3 -173
-105 -803
652 -320
-626 44
751 506
-622 465
-418 15
320 -419
234 112
-718 197
329 -756
-730 -270
-494 714
245 132
-606 -548
221 -168
299 -684
887 438
237 -96
-872 323
-482 -993
-247 -236
-165 -68
101 544
390 621
-698 930
541 -447
15 -197
-232 148
252 567
867 96
542 -270
12 -890
148 151
205 434
-752 684
-455 811
199 -665
-972 359
12 -932
360 625
126 -722
-850 -341
-355 -434
361 -606
642 574
-500 203
34 676
574 202
-213 469
753 -120
41 -386
-542 364
-130 894
-152 608
-46 455
-988 583
-585 -923
527 -336
648 689
372 321
-851 -441
964 848
-907 665
-860 831
750 -747
310 31
-721 597
-33 926
789 -98
79 187
947 286
-527 992
-955 808
297 -784
-811 -51
937 136
909 -660
484 -201
741 -967
11 -651
-113 24
-251 -484
538 828
401 -620
-20 -650
445 872
-838 148
-392 875
-732 -321
-171 250
612 734
-229 457
-261 -286
219 886
983 -782
-740 -136
272 688
103 682
-324 -959
102 137
554 949
302 439
-289 -468
-164 -36
776 438
885 -496
892 862
-149 950
415 0
-52 -42
-301 822
-554 272
192 -815
-366 796
-511 824
-965 -865
597 648
335 -600
708 -475
314 -140
598 -353
39 -554
-321 968
437 931
-757 214
-852 687
-475 775
583 -320
838 530
-862 551
741 105
-543 114
258 403
582 317
-773 -916
-353 765
-472 336
165 -87
968 -934
893 -461
-769 -414
-255 -711
-421 874
712 -508
441 469
177 406
-845 991
-449 493
-57 -332
-226 109
-134 -576
-383 216
