200 1
830 -234
-650 -638
408 -989
-226 -334
911 -167
-757 249
564 -664
583 50
-256 -206
624 -992
-931 -337
-960 63
-528 -720
51 -101
-944 -530
57 137
278 -537
-846 -518
-53 -532
376 -964
-451 -780
-393 383
778 887
986 730
532 -796
36 159
210 -749
690 757
678 -840
-939 329
839 -760
680 -452
512 -512
-768 901
-245 -280
209 807
-77 -763
894 -177
-832 364
-820 -621
168 -622
154 108
725 505
201 -775
377 928
-144 648
-490 -28
-250 -130
291 110
222 -759
29 -688
778 708
-905 -189
874 566
400 -590
-342 691
-193 119
714 -11
-945 -441
781 901
45 539
26 -993
732 -268
605 86
455 -201
349 999
-635 -569
555 -742
760 408
-701 971
50 -367
-795 -626
-916 274
-389 -488
-922 479
993 -422
508 431
-766 849
226 -927
654 709
235 -99
-202 -742
-440 50
356 -646
-302 293
722 -262
450 674
701 -942
-6 -106
-236 -875
869 611
919 607
687 146
571 -862
112 513
572 155
650 38
-938 342
-533 988
722 326
-837 136
729 -865
-407 -330
-174 -657
-833 -12
-70 864
243 886
817 264
358 -935
-737 804
268 -159
233 87
-857 -717
-711 889
-924 -523
227 504
481 -752
944 845
959 256
-980 -747
-159 536
-419 -195
-544 -9
-584 964
618 868
-825 800
135 64
351 -854
728 151
649 657
11 -474
-639 -590
936 -106
-919 114
-618 -870
572 -242
251 -234
-490 273
1 -258
-617 -97
643 -274
687 933
-367 -212
-62 -800
-620 -530
-503 300
952 -926
480 -749
346 671
-343 -89
859 68
-179 -480
-677 438
692 243
-2 -921
-330 5
679 -273
-26 943
463 -594
-772 -502
479 -197
370 -352
-450 645
-378 713
-163 -340
47 803
2 -651
277 -530
755 806
-462 -713
-342 744
316 561
622 612
-618 -512
218 60
312 725
921 -854
911 -993
716 126
-178 993
-63 766
-770 -266
704 864
-735 787
-383 550
4 -171
801 -784
-746 -889
-527 -79
-829 -553
505 749
172 -878
623 1000
-236 716
400 760
249 273
125 -841
691 -548
839 639
219 -480
-760 944
318 -52
