100 1
-593 469
536 756
257 -473
816 -374
721 991
584 -762
18 -265
-675 -319
-408 -473
885 708
-409 -588
-477 751
754 -921
-307 717
-737 221
854 414
687 758
521 870
810 -863
422 318
668 -583
-437 103
805 132
38 909
-798 242
-920 697
-799 451
990 745
617 156
-26 -10
-781 -842
-658 -828
619 719
316 -87
291 137
-884 787
-22 178
38 977
-287 259
26 -985
683 149
432 904
388 794
416 589
177 -526
-295 -889
-286 149
-211 631
-260 -965
657 809
-796 431
700 509
850 785
-415 51
152 518
658 976
279 828
208 485
141 380
862 604
217 -56
-60 99
483 659
718 199
497 -757
-364 663
-878 -596
-81 909
-211 -478
-369 -781
552 -208
229 84
489 339
635 -18
-718 71
874 -557
749 967
327 -426
-9 228
543 -737
-663 604
122 -814
325 389
-725 255
-954 -173
-774 -711
-99 -961
116 892
119 225
-680 794
547 -661
424 942
-877 569
418 114
-625 90
-790 -385
-842 -200
168 987
-176 985
198 -135
216 161
293 746
