450 450
0 264
0 447
1 408
2 224
3 23
3 27
3 120
3 285
3 417
3 424
3 425
4 359
5 250
5 367
6 235
7 333
8 141
8 152
8 164
8 294
9 48
9 77
9 225
10 134
10 373
11 168
12 117
12 329
12 381
12 429
12 436
13 157
14 227
14 279
14 357
15 45
15 75
16 236
17 190
18 76
18 94
18 139
18 163
18 214
18 234
18 309
18 399
18 418
19 244
19 393
20 39
21 158
22 31
22 159
22 333
22 383
23 355
24 53
25 160
26 70
26 73
27 209
27 438
28 118
29 150
30 116
31 81
31 140
31 167
31 236
31 369
32 255
33 230
33 289
34 258
35 294
36 207
37 139
38 332
39 221
39 222
40 393
41 183
42 238
43 403
43 414
44 162
46 226
47 242
47 255
48 59
48 208
48 316
48 330
48 354
49 286
50 187
51 256
51 265
51 280
52 109
53 219
53 396
53 444
54 203
55 439
56 220
56 229
56 381
56 421
57 326
58 90
60 259
60 335
61 75
61 221
61 397
62 291
63 182
63 440
64 234
65 297
66 178
66 343
67 137
67 272
68 155
68 272
68 379
69 154
69 391
70 283
70 378
71 437
72 327
74 159
74 290
75 77
75 101
75 271
75 328
75 335
75 356
75 372
75 443
76 104
77 139
77 152
77 241
77 250
77 288
77 384
78 288
78 394
79 430
80 159
81 297
82 391
83 97
84 422
85 190
86 253
86 321
86 333
87 96
87 147
88 125
89 122
89 190
90 116
90 208
91 237
92 283
93 136
93 250
93 331
94 111
95 183
96 371
97 182
97 341
97 448
98 204
99 258
100 361
102 255
102 412
103 206
103 288
105 418
106 220
106 274
106 362
107 110
107 287
107 435
108 208
108 233
109 121
109 347
110 294
112 222
113 125
114 252
115 145
115 240
118 257
118 263
118 285
118 387
118 413
119 257
119 375
120 134
120 432
121 211
122 187
122 301
122 303
122 334
122 404
122 439
123 133
123 218
123 226
123 309
124 329
125 383
126 233
127 380
128 208
129 268
129 381
130 282
130 302
130 320
130 416
131 142
131 235
131 238
132 148
134 144
134 239
135 344
135 361
138 212
138 429
139 143
139 177
139 285
139 310
139 314
139 391
139 416
143 420
145 219
145 348
146 374
148 410
149 440
150 388
151 251
151 349
152 337
153 329
155 173
155 273
156 344
157 326
157 342
157 415
157 423
158 188
158 279
158 285
158 300
158 304
158 333
158 341
158 422
159 251
159 284
160 346
161 338
162 257
162 392
163 215
165 296
166 361
168 251
169 183
170 177
171 314
172 201
173 187
173 196
174 378
175 380
176 360
177 238
177 408
178 395
179 244
179 286
180 243
180 428
181 298
181 401
181 402
182 252
182 258
183 280
184 291
184 328
185 264
186 278
187 255
187 341
189 327
191 280
192 315
193 194
193 253
193 395
195 317
197 422
198 314
199 251
199 445
200 347
201 417
202 344
203 261
203 289
204 405
204 432
205 385
207 261
208 216
208 248
210 339
210 351
210 383
210 409
211 339
213 361
214 311
214 411
217 348
219 361
223 236
224 377
228 425
231 346
232 270
235 358
237 376
244 332
244 385
244 410
245 283
246 365
247 418
249 310
250 277
250 382
250 401
253 403
254 324
257 312
257 313
260 346
262 289
263 305
263 390
264 275
264 346
264 370
266 385
266 427
267 369
268 353
269 364
269 377
269 442
270 309
272 306
272 363
272 374
272 416
276 356
278 403
279 381
279 430
280 322
280 359
281 385
283 293
285 359
285 410
288 293
288 319
288 324
289 296
289 334
292 443
293 340
295 354
299 346
300 327
300 406
302 318
307 348
308 317
315 448
316 371
316 398
317 328
317 345
323 402
324 400
325 401
326 416
330 368
336 442
338 421
339 346
339 431
346 386
350 441
352 385
360 401
361 407
361 410
361 428
364 449
365 432
366 414
376 439
380 429
380 433
387 437
388 426
388 428
389 408
395 441
406 442
417 434
419 449
424 446
