4200 4500
0 394
0 2622
1 2465
1 2803
2 2359
2 2490
3 1579
3 1953
4 2110
4 2807
5 3046
5 3353
6 1930
6 3183
7 1650
7 3607
8 366
8 3045
9 1278
9 4195
10 1842
10 2022
11 559
11 1666
12 1972
12 2332
12 3058
12 3356
13 865
13 1499
13 2632
13 3326
14 350
14 1698
14 2393
14 2708
15 911
15 2207
16 269
16 454
17 1044
17 1367
17 2361
17 3576
18 1215
18 2771
19 2227
19 2296
20 1207
20 4114
21 1033
21 3001
22 2024
22 2088
23 3136
23 3602
24 2448
24 4077
25 747
25 2383
26 1099
26 1672
27 1887
27 2295
28 3319
28 4109
29 165
29 714
30 534
30 3152
31 2576
31 3461
32 1199
32 2441
33 171
33 3102
34 2179
34 3265
35 2991
35 3494
36 1003
36 1852
37 249
37 715
38 1565
38 3449
39 1595
39 1833
40 1933
40 3403
41 3077
41 3272
42 1358
42 2156
43 2853
43 3924
44 838
44 2492
45 1432
45 3912
46 1923
46 3570
47 2315
47 2502
48 1041
48 1266
49 299
49 838
50 1114
50 1500
51 2039
51 2668
52 3382
52 3541
53 441
53 1006
54 3264
54 3361
55 575
55 1785
55 2425
55 3495
56 3845
56 3906
57 443
57 2661
58 125
58 3633
59 2965
59 3259
60 3406
60 3799
61 761
61 4130
62 940
62 2650
63 1765
63 2084
64 3513
64 3675
65 2621
65 3087
66 1032
66 2018
67 2989
67 3993
68 887
68 2049
69 413
69 2518
70 1419
70 4061
71 793
71 1906
72 1132
72 1829
73 1029
73 1619
74 748
74 3024
75 138
75 1193
75 2334
75 3813
76 1228
76 3164
77 2796
77 3185
78 1334
78 1462
79 3174
79 3283
80 104
80 830
81 1110
81 2041
82 1355
82 1565
83 1429
83 2930
84 823
84 1852
85 1545
85 2357
86 1794
86 2686
87 577
87 4134
88 250
88 1488
89 2254
89 3910
90 1592
90 2070
91 248
91 2373
92 4108
92 4141
93 1429
93 1925
94 3209
94 3268
95 699
95 2390
96 2829
96 3659
97 2884
97 3961
98 495
98 4055
99 1394
99 2170
100 112
100 177
101 1597
101 4049
102 1828
102 2315
103 1456
103 3612
104 929
105 2991
105 4095
106 1910
106 2512
107 1289
107 2027
108 447
108 710
109 1967
109 3412
110 2087
110 3808
111 1492
111 2653
112 2566
113 1062
113 2974
114 1661
114 3084
115 388
115 2515
116 119
116 780
117 3346
117 3507
118 2029
118 2858
119 1211
119 1258
119 2519
120 1556
120 2407
121 1948
121 3035
122 2937
122 3299
123 3469
123 3868
124 2624
124 3149
125 3915
126 622
126 1117
127 130
127 572
128 1546
128 1942
128 3377
128 3846
129 849
129 1572
129 2874
129 3312
130 1981
130 2295
130 3595
131 1020
131 1060
132 3681
132 3990
133 1053
133 1427
134 502
134 2341
135 1603
135 2007
136 1507
136 2477
137 917
137 2644
137 2726
137 3243
138 171
139 845
139 3315
140 213
140 2550
141 2554
141 3891
142 1039
142 3563
143 1796
143 3939
144 899
144 3874
145 1435
145 2047
146 483
146 3413
147 1648
147 2375
148 1786
148 2955
149 1413
149 3828
150 3354
150 3773
151 543
151 3845
152 1561
152 3381
153 549
153 3419
154 3617
154 3959
155 283
155 700
156 2370
156 3913
157 1106
157 3493
158 163
158 1000
159 182
159 3065
160 2264
160 2847
161 2020
161 3229
162 1320
162 4186
163 3680
164 516
164 3831
165 1134
165 1226
165 1784
166 1332
166 3380
167 1245
167 2088
168 2612
168 2702
169 1845
169 2269
170 560
170 3638
172 1147
172 1594
173 734
173 791
173 3497
173 4008
174 524
174 2561
175 3033
175 3058
176 1249
176 3073
177 358
177 1804
177 1877
178 405
178 2500
179 360
179 1459
180 752
180 2768
181 1941
181 3514
182 538
183 1729
183 2399
184 3076
184 3263
185 983
185 2613
186 661
186 1373
187 3688
187 3859
188 1251
188 1318
188 3685
188 4183
189 655
189 921
190 437
190 3042
190 3574
190 3596
191 1922
191 3019
192 2878
192 3711
193 215
193 651
194 1216
194 2280
195 2843
195 3693
196 1302
196 3907
197 1651
197 2690
198 2267
198 2300
199 2506
199 3869
200 2913
200 3796
201 1492
201 1691
202 2215
202 3496
203 974
203 3538
204 3099
204 3500
205 2694
205 3946
206 398
206 2302
207 317
207 3472
208 1477
208 4090
209 1094
209 3061
210 2098
210 3955
211 554
211 3489
212 1773
212 3881
213 500
213 703
213 3257
214 2942
214 2953
215 523
216 2483
216 3273
217 552
217 3167
218 383
218 2165
218 2933
218 4151
219 708
219 1443
220 1273
220 2936
221 285
221 2545
222 416
222 2923
223 1011
223 2178
224 881
224 2128
225 1407
225 2543
226 455
226 504
227 547
227 2113
228 2980
228 3848
229 1036
229 3171
230 1381
230 2803
230 3232
230 3572
231 518
231 1352
232 1980
232 2831
233 897
233 3900
234 2866
234 3895
235 3582
235 3790
236 2223
236 4162
237 728
237 826
238 244
238 2679
239 353
239 788
240 275
240 1083
240 1617
240 2976
241 1463
241 2728
242 837
242 2199
243 740
243 2951
244 484
245 860
245 4145
246 1772
246 2827
247 1831
247 2447
248 1052
249 720
249 1616
249 3546
250 1953
251 2540
251 2897
252 1686
252 3370
253 3438
253 3538
254 792
254 3038
255 511
255 3178
256 615
256 1866
257 815
257 3242
258 1267
258 2082
259 3939
259 3941
260 419
260 819
261 513
261 1634
262 2118
262 3034
263 3209
263 3648
264 3326
264 3899
265 1294
265 3639
266 2366
266 2864
267 2989
267 4191
268 1970
268 2372
269 2110
270 2928
270 3610
271 1392
271 3041
272 1765
272 4036
273 1412
273 2753
274 2835
274 3779
275 1173
276 1637
276 2669
277 1200
277 1854
278 1113
278 2822
279 753
279 2351
280 2182
280 2183
280 2984
280 3659
281 3025
281 4069
282 1288
282 2283
283 362
284 1500
284 2036
285 641
286 1471
286 3889
287 1066
287 1342
288 601
288 2734
289 2151
289 3733
290 2514
290 3542
291 2351
291 4064
292 305
292 2471
293 1596
293 3130
294 1602
294 2322
295 1927
295 3010
296 1298
296 1612
297 2615
297 3620
298 670
298 3249
299 4060
300 2924
300 2927
301 397
301 1031
302 1317
302 4157
303 1809
303 2244
304 430
304 775
305 999
306 1921
306 3777
307 2405
307 3683
308 2883
308 3492
309 2316
309 3974
310 2403
310 2861
311 2210
311 3854
312 665
312 933
313 2249
313 4056
314 349
314 1165
315 751
315 2915
316 600
316 989
317 1994
318 1928
318 4001
319 3433
319 3926
320 2586
320 3862
321 1925
321 3470
322 1881
322 2944
323 1563
323 2355
324 1323
324 3003
325 863
325 1253
326 2781
326 3278
327 822
327 988
328 546
328 2775
329 393
329 2291
330 3282
330 3777
330 3852
330 4137
331 575
331 2115
332 2685
332 3079
333 1308
333 1453
334 1117
334 2891
335 2119
335 2791
336 643
336 1644
337 1172
337 3457
338 1267
338 3599
339 1590
339 3947
340 475
340 2097
341 1368
341 1539
342 3158
342 3437
343 1755
343 1889
344 3239
344 3552
345 3053
345 3750
346 2687
346 3081
347 945
347 3782
348 1075
348 1278
349 3350
350 1767
351 2544
351 3800
352 996
352 3686
353 3489
354 2021
354 2761
355 2106
355 3000
356 1177
356 3071
357 1175
357 2862
358 1358
359 2148
359 2315
360 948
360 1906
360 1987
361 1424
361 2354
362 3581
363 580
363 1921
364 1588
364 1893
364 3004
364 3723
365 1156
365 1827
366 881
367 385
367 2104
367 2345
367 3498
368 2711
368 3374
369 535
369 754
369 1034
369 4177
370 1948
370 3128
371 592
371 2968
372 2268
372 3557
373 1152
373 2999
374 870
374 1402
375 792
375 2294
376 1235
376 1683
377 529
377 1882
378 1714
378 2158
379 518
379 3116
380 1412
380 2095
381 2517
381 3262
382 2201
382 2436
383 3942
384 1956
384 4170
385 2025
386 1475
386 2748
387 509
387 2193
388 3151
389 574
389 4168
390 3451
390 4022
391 1309
391 2255
392 497
392 1466
393 4096
394 4021
395 1975
395 4165
396 2630
396 3956
397 3103
398 2147
399 3508
399 3693
400 489
400 3239
401 681
401 2953
402 981
402 1797
403 442
403 1500
404 789
404 3307
405 1688
406 580
406 1901
407 1460
407 1711
408 2915
408 3236
409 3208
409 3858
410 1697
410 2001
411 996
411 4119
412 1628
412 2887
413 574
413 949
413 3515
414 3382
414 3604
415 594
415 2123
416 3968
417 632
417 2069
418 1256
418 1285
419 2200
420 1354
420 2507
421 1508
421 2101
422 1660
422 2249
423 978
423 4161
424 1602
424 2115
425 2890
425 3035
426 1470
426 3105
427 1986
427 2084
428 2964
428 3809
429 2780
429 2967
430 3824
431 1290
431 1567
432 1687
432 1988
433 856
433 2924
434 1512
434 2334
435 1569
435 2838
436 1264
436 2773
437 957
438 2060
438 3823
439 1360
439 2225
440 1658
440 2602
441 2572
442 1254
443 4058
444 583
444 2977
445 514
445 4049
446 737
446 3462
447 1345
448 1243
448 2325
449 1660
449 4085
450 3346
450 3994
451 3890
451 3966
452 1951
452 2071
453 705
453 2757
454 1105
455 3789
456 1241
456 2096
457 3215
457 3422
458 1464
458 4141
459 3438
459 3687
460 2177
460 3455
461 1740
461 2223
462 1428
462 2788
463 2085
463 2744
464 1526
464 4153
465 1754
465 2838
466 2101
466 3059
467 672
467 2601
468 2666
468 3594
469 1056
469 3201
470 1666
470 2898
471 1023
471 3876
472 1276
472 1660
473 1074
473 4094
474 2622
474 3874
475 4067
476 2681
476 3019
477 2381
477 3827
478 1862
478 3781
479 1269
479 1328
480 2239
480 2907
481 836
481 1856
482 1238
482 3765
483 3384
484 2211
485 939
485 3030
486 493
486 835
487 1428
487 2272
488 493
488 2823
489 858
490 3375
490 3604
491 1969
491 4190
492 1360
492 3590
494 2691
494 3479
495 2205
496 1838
496 2844
497 1362
498 916
498 2613
499 636
499 1007
500 2058
501 2294
501 3992
502 1680
503 2389
503 3760
504 1823
504 2164
504 3689
505 1786
505 3550
506 1952
506 3570
507 2905
507 3961
508 1820
508 3398
509 3392
510 1319
510 4134
511 2094
512 2720
512 3429
513 3743
514 725
515 3241
515 3641
516 3712
517 946
517 3067
519 2357
519 3560
520 1213
520 3789
521 1343
521 4154
522 808
522 1120
522 3680
522 3792
523 2234
524 2479
525 834
525 1749
526 2636
526 3049
527 2080
527 3920
528 771
528 3070
529 1440
530 976
530 2535
531 1031
531 1599
531 2957
531 3714
532 1315
532 2410
533 1104
533 2849
534 3856
535 2894
536 544
536 856
537 3162
537 3571
538 1009
539 2558
539 3984
540 1583
540 2794
541 1601
541 2109
542 725
542 3715
543 3260
544 3454
545 1468
545 2580
546 2571
547 3206
548 3511
548 4014
549 893
549 2125
549 3848
550 2341
550 3699
551 1144
551 2907
552 2147
552 2462
552 3509
553 2285
553 3815
554 3167
555 599
555 928
555 3258
555 3938
556 587
556 2336
556 2725
556 3380
557 2200
557 2616
558 2837
558 3650
559 843
560 1201
561 2557
561 4161
562 1979
562 3951
563 1454
563 2879
564 1394
564 2680
565 2290
565 2446
566 2318
566 4132
567 3025
567 3407
568 1404
568 2204
569 3032
569 3187
570 1540
570 2422
571 675
571 2979
572 3061
573 1068
573 2263
576 1266
576 2415
577 1753
578 2122
578 2328
579 1991
579 2645
580 3046
580 3296
581 913
581 1338
581 2432
581 2855
582 1237
582 3704
583 1311
583 1799
583 1848
584 2028
584 3104
585 951
585 2244
585 3094
585 3295
586 1328
586 4058
587 2044
588 1865
588 2163
589 2573
589 3860
590 681
590 2454
591 893
591 3092
592 2401
593 2845
593 3291
594 3861
595 1516
595 3142
596 1685
596 3500
597 698
597 1017
597 1305
597 3442
598 1174
598 1422
598 3113
598 3194
599 1280
600 1014
601 2674
602 1246
602 1674
603 1343
603 2160
604 2199
604 2360
605 1450
605 2204
606 2252
606 3914
607 1392
607 3440
608 1019
608 4119
609 895
609 2470
610 2453
610 2547
611 1892
611 2214
612 1756
612 3524
613 2136
613 3426
614 1523
614 3060
614 3543
614 3810
615 3152
616 2331
616 2604
617 1072
617 4138
618 2779
618 3328
619 2644
619 3670
620 638
620 1063
621 3051
621 4010
622 4068
623 676
623 2623
624 972
624 3577
625 1778
625 3353
626 776
626 2050
627 2055
627 3606
628 1212
628 3339
629 1135
629 1279
629 1286
629 2340
630 1330
630 2647
631 1014
631 2424
631 3691
631 4150
632 1321
632 2579
632 2643
633 1004
633 2416
634 977
634 1287
635 1119
635 1646
636 1401
637 828
637 2037
638 685
639 857
639 3909
640 787
640 1505
641 3188
642 1909
642 3120
643 2081
644 1517
644 2027
644 2065
644 3140
645 1175
645 1645
646 2567
646 3335
647 2842
647 4059
648 1136
648 2439
649 1589
649 1831
649 2972
649 3541
650 2218
650 2248
651 3604
652 2561
652 2923
653 1196
653 1775
654 1704
654 1871
655 2208
656 763
656 2353
657 1969
657 2201
658 979
658 3379
659 2415
659 3554
660 2637
660 2953
661 675
662 714
662 2475
663 1567
663 1774
664 870
664 1824
665 1528
666 2331
666 3271
667 2206
667 4094
668 1731
668 3126
669 2605
669 2799
670 1039
670 2638
670 3357
671 1116
671 1744
672 1692
673 2521
673 4056
674 1474
674 3922
675 3085
675 3217
676 1771
677 916
677 4158
678 1395
678 2091
679 709
679 1494
680 1143
680 3914
682 777
682 2557
683 1796
683 3298
684 1993
684 2337
685 762
686 1589
686 3753
687 1509
687 1769
688 1628
688 3016
689 864
689 1931
690 1670
690 2678
691 878
691 2972
692 2292
692 2680
693 1327
693 1798
694 1669
694 1946
695 1493
695 2778
696 1000
696 1341
696 1872
696 4171
697 1481
697 3682
698 3421
699 4123
700 737
701 2564
701 3469
702 1685
702 2167
703 4143
704 1329
704 3420
705 1526
706 824
706 2851
707 889
707 1971
708 858
709 2012
709 2685
709 3138
710 2227
711 1049
711 2237
712 1868
712 3362
713 2600
713 3496
715 2834
716 1558
716 2262
717 930
717 4052
718 922
718 2093
719 3324
719 3862
720 4015
721 2760
721 3844
722 1133
722 2252
723 1141
723 2549
724 3160
724 3835
726 2533
726 2678
727 1304
727 2970
728 2139
729 1903
729 3407
730 1004
730 4102
731 1252
731 3557
732 2031
732 2707
733 763
733 2659
734 1284
735 747
735 2887
736 2657
736 3998
737 2999
737 3656
738 1129
738 2562
739 1376
739 3379
740 1015
741 2635
741 2759
742 2052
742 2141
743 950
743 3418
744 1117
744 2456
745 2733
745 3863
746 1869
746 3169
747 775
747 4032
748 3172
749 1740
749 2226
749 2584
749 2849
750 1664
750 3129
751 914
752 3155
753 1741
754 3064
755 2248
755 3971
756 2868
756 3593
757 944
757 3096
758 2262
758 2537
759 2104
759 2492
760 2479
760 2879
761 766
761 2629
761 3963
762 3486
764 1716
764 3035
765 1424
765 3573
766 862
767 1580
767 2985
768 2980
768 3261
769 816
769 1933
770 3261
770 3954
771 4072
772 2000
772 3925
773 2173
773 2499
774 1209
774 4098
776 3904
777 2453
778 3578
778 3987
779 1747
779 2338
780 4160
781 1057
781 4151
782 2896
782 3905
783 3137
783 3238
783 3434
783 3814
784 2235
784 3706
785 2180
785 2872
786 977
786 1085
787 2043
788 3668
789 1269
790 2068
790 2808
791 1532
792 2081
792 3836
793 2933
794 993
794 4005
795 3039
795 4196
796 2317
796 2926
797 2686
797 4155
798 1830
798 3666
799 2491
799 2842
800 2652
800 3935
801 1494
801 4137
802 1807
802 3121
803 1115
803 3898
804 1468
804 2919
805 1447
805 2551
806 1890
806 2962
807 1306
807 4000
808 2910
809 2438
809 2694
810 1676
810 3921
811 963
811 1013
812 1899
812 3498
813 1689
813 2015
814 1859
814 4088
815 2265
816 1210
817 1532
817 2723
818 1721
818 2389
819 3595
820 1244
820 3112
821 1277
821 2482
822 2168
823 2463
824 1569
825 1652
825 3819
826 3032
827 1070
827 2277
828 2902
829 1309
829 3724
830 3685
831 2914
831 3477
832 2931
832 3266
833 1580
833 3140
834 934
835 1812
835 3057
835 3771
836 3054
837 1721
838 1366
838 1675
839 2370
839 3675
840 994
840 1433
840 3672
840 3924
841 2552
841 2674
842 1101
842 1849
843 2655
844 884
844 3854
845 1682
846 904
846 1197
847 1779
847 3072
848 1581
848 3510
849 1678
850 859
850 2328
851 2484
851 2996
852 1806
852 2140
852 2467
852 3590
853 3153
853 3547
854 2019
854 4070
855 3044
855 3841
857 1939
857 2961
857 3098
858 2513
858 3807
859 2522
859 2766
859 4107
860 4194
861 1128
861 3878
862 2663
863 1992
864 3405
865 3267
866 1520
866 3786
867 2830
867 3608
868 1177
868 2827
868 3692
868 4187
869 3013
869 3450
870 1253
870 1766
871 2062
871 2584
872 2565
872 2912
872 3226
872 3885
873 2048
873 2741
874 1575
874 1709
875 2375
875 3182
876 1853
876 2387
877 1819
877 2261
878 1055
879 888
879 3633
880 3390
880 4016
881 2066
881 3456
882 1787
882 1907
883 2338
883 3610
884 2162
885 1754
885 3549
886 1985
886 4046
887 3401
888 3095
889 1195
890 2041
890 2237
891 3012
891 3427
892 1695
892 3990
894 978
894 1258
895 1068
896 1274
896 3719
897 2238
898 3426
898 3932
899 3230
900 3458
900 3887
901 1389
901 2713
902 1139
902 3449
903 1229
903 2456
904 2382
905 955
905 2550
906 1591
906 1896
907 1645
907 1840
908 1727
908 2735
908 3649
908 4026
909 3837
909 4105
910 2243
910 3580
911 1605
912 982
912 3921
913 3181
914 3879
915 1778
915 3793
917 3401
918 3377
918 3755
919 3620
919 3948
920 2263
920 3806
921 1448
922 4170
923 2355
923 2523
924 1757
924 2853
925 990
925 2564
926 2312
926 3838
927 1823
927 4043
928 1724
929 2541
930 4062
931 1160
931 1764
931 3075
931 3368
932 1067
932 3066
933 2732
934 2505
935 1609
935 3795
936 2404
936 3959
937 2217
937 3218
938 3348
938 3996
939 1176
940 3117
941 3596
941 3964
942 2372
942 2721
943 1528
943 2705
944 1692
944 1873
944 3251
945 1425
946 1127
947 1560
947 3445
948 1445
949 4007
950 1893
951 1079
952 2138
952 3086
952 3669
952 3977
953 1242
953 3313
954 2833
954 3355
955 3632
956 1932
956 3625
957 1568
958 1426
958 2772
959 1792
959 2895
960 1552
960 2458
961 3678
961 3883
962 2130
962 2878
963 2935
964 1648
964 3491
965 3017
965 4092
966 1302
966 2750
967 1115
967 1790
967 2574
967 3424
968 1478
968 2058
969 1344
969 3147
970 2401
970 3855
971 984
971 3829
972 1438
973 3050
973 3336
974 1778
975 1830
975 3198
976 4083
979 3721
980 3818
980 3877
981 3652
982 3361
983 2325
984 1130
985 2832
985 3799
986 1841
986 4034
987 2171
987 3066
988 2387
988 3065
988 3135
989 1458
990 3188
991 2739
991 2864
992 1405
992 3755
993 3026
994 3504
995 2995
995 3961
997 2238
997 3612
998 2966
998 3438
999 3435
1001 2444
1001 3740
1002 3580
1002 3734
1003 1397
1004 3625
1004 3883
1005 1482
1005 4091
1006 2161
1007 4147
1008 1271
1008 2819
1009 2945
1010 2386
1010 3294
1011 2986
1012 1919
1012 2565
1013 3565
1015 1061
1016 3074
1016 3309
1017 1206
1018 2354
1018 2536
1018 3303
1018 4126
1019 2448
1020 3198
1021 1600
1021 3511
1022 1574
1022 3621
1023 3029
1024 1442
1024 3813
1025 1140
1025 3351
1026 3546
1026 3579
1027 1224
1027 1553
1028 1959
1028 3751
1029 1444
1030 1940
1030 2169
1032 1296
1033 3225
1034 3702
1035 1793
1035 3392
1036 3356
1037 1608
1037 3221
1038 3113
1038 3199
1040 2986
1040 3828
1041 3056
1042 3697
1042 4124
1043 1757
1043 3306
1044 3388
1045 1757
1045 1883
1046 2885
1046 3756
1047 1325
1047 1773
1048 2167
1048 2416
1049 2583
1050 1158
1050 3202
1051 1280
1051 2471
1052 1420
1052 1421
1052 2562
1053 3000
1054 1159
1054 2442
1055 2582
1056 2625
1057 2080
1058 3481
1058 3884
1059 3622
1059 3656
1060 1570
1060 2135
1060 3722
1061 3839
1062 2198
1062 2363
1062 2420
1063 2672
1063 3532
1063 3903
1064 2932
1064 4025
1065 2771
1065 3337
1066 4126
1067 4186
1069 1579
1069 3374
1069 3606
1069 4169
1070 3686
1071 1636
1071 2804
1071 3172
1071 3372
1072 2266
1073 2112
1073 4138
1074 2736
1075 2038
1076 1558
1076 3314
1077 2431
1077 3983
1078 1645
1078 2118
1079 3825
1080 1223
1080 1578
1081 1516
1081 3467
1082 1606
1082 1924
1083 3447
1084 1227
1084 3288
1085 2975
1086 1550
1086 3159
1087 2801
1087 2837
1087 3102
1087 3413
1088 1518
1088 2145
1089 2835
1089 3378
1090 2707
1090 3033
1091 1639
1091 2525
1092 1783
1092 1984
1093 2024
1093 2867
1094 3499
1095 1145
1095 2599
1096 1701
1096 2472
1097 3506
1097 4192
1098 1643
1098 3280
1099 3558
1100 2251
1100 2895
1100 2973
1100 3726
1101 1495
1101 2374
1101 2839
1102 1467
1102 3893
1103 2144
1103 3867
1104 1348
1105 3449
1106 3461
1107 2770
1107 4106
1108 1517
1108 2096
1109 2646
1109 4044
1110 4004
1111 1188
1111 1611
1112 1485
1112 2139
1112 3302
1112 3338
1113 1940
1114 2047
1116 1322
1117 2195
1118 3420
1118 3527
1119 3432
1120 3505
1121 2709
1121 2954
1122 2938
1122 4155
1123 1702
1123 2659
1124 3170
1124 3634
1125 2174
1125 3966
1126 3495
1126 3639
1127 2123
1128 1776
1128 2026
1128 2817
1129 1232
1130 2103
1131 1377
1131 1973
1132 2505
1133 4022
1134 2015
1135 1149
1136 1583
1137 1217
1137 4159
1138 1320
1138 1570
1139 3683
1140 1267
1141 1999
1142 1645
1142 3962
1143 2971
1144 2635
1145 3617
1146 2530
1146 2660
1147 4022
1148 1511
1148 3836
1149 3944
1150 2934
1150 3336
1151 1840
1151 2481
1152 1157
1153 2432
1153 3658
1154 2154
1154 4080
1155 3089
1155 3566
1155 3651
1155 3703
1156 1398
1157 4081
1158 3940
1159 2768
1160 1463
1161 2628
1161 3457
1162 1477
1162 3929
1163 1984
1163 3618
1164 3417
1164 4128
1165 3301
1166 2300
1166 3221
1167 1642
1167 2379
1168 2808
1168 3866
1169 1399
1169 1618
1170 2646
1170 3529
1171 2352
1171 2603
1172 4115
1173 3732
1174 1860
1176 1713
1178 1699
1178 3327
1179 1633
1179 3311
1180 1222
1180 2985
1181 1971
1181 2683
1182 2204
1182 3582
1183 1851
1183 3637
1184 1227
1184 2298
1185 1447
1185 3091
1186 1193
1186 3376
1187 1369
1187 3536
1188 1232
1189 2029
1189 3148
1190 2062
1190 3000
1191 3180
1191 3486
1192 2442
1192 3518
1194 2575
1194 2611
1195 2673
1196 2184
1197 3663
1198 2338
1198 3199
1199 2054
1200 3832
1201 1888
1202 2029
1202 2133
1203 1731
1203 2347
1204 2660
1204 3468
1205 1608
1205 3864
1206 3599
1207 1309
1208 1261
1208 1593
1209 4154
1210 2359
1211 2690
1212 4108
1213 1837
1214 1665
1214 2116
1215 1794
1215 2901
1215 3271
1216 3908
1217 2806
1218 1324
1218 1719
1219 2378
1219 3490
1220 2440
1220 2567
1221 2707
1221 2911
1222 1411
1223 2409
1223 2731
1223 3355
1224 2433
1225 2899
1225 3713
1226 1427
1227 3791
1227 4003
1228 3633
1229 3030
1230 1409
1230 2333
1230 3270
1230 4184
1231 1371
1231 1556
1233 2604
1233 2755
1234 2897
1234 3338
1235 1958
1236 1333
1236 1446
1237 1930
1238 3834
1239 1743
1239 1744
1240 1880
1240 3871
1241 1642
1242 1644
1242 2391
1242 3765
1243 1378
1243 2034
1243 2596
1244 1904
1245 2729
1246 2702
1247 1711
1247 2965
1248 2987
1248 3467
1249 2898
1250 1462
1250 3489
1251 1836
1252 1786
1254 3938
1255 3342
1255 3559
1256 2302
1257 4020
1257 4199
1259 2956
1259 3588
1260 2102
1260 3623
1261 2658
1261 3002
1261 3734
1262 3394
1262 3483
1263 2356
1263 3087
1264 1963
1265 2273
1265 3902
1267 2145
1268 3601
1268 4132
1270 3758
1270 3838
1271 2560
1272 2775
1272 3107
1273 2493
1274 1658
1275 2841
1275 3516
1276 3396
1277 1468
1278 3231
1278 3607
1279 2875
1281 1834
1281 2737
1282 2650
1282 3998
1283 2641
1283 3031
1284 2292
1285 3076
1286 3890
1287 3031
1287 3297
1287 3591
1288 2279
1289 1441
1290 3992
1291 2628
1291 3152
1292 2183
1292 3869
1293 2032
1293 3334
1294 1667
1294 2185
1294 3001
1295 1560
1295 3855
1296 1661
1297 3320
1297 3754
1298 4198
1299 2791
1299 3759
1300 2202
1300 3671
1301 1833
1301 2172
1303 1455
1303 2261
1303 3653
1303 3740
1304 3603
1305 1615
1306 2343
1307 3727
1307 3967
1308 3482
1309 3359
1310 2513
1310 3149
1311 4030
1312 2051
1312 2189
1313 2819
1313 3515
1314 2606
1314 3801
1315 2534
1316 3551
1316 3948
1317 3873
1318 2301
1319 2519
1321 1426
1322 1338
1323 2780
1324 1989
1325 4166
1326 1748
1326 2592
1327 3987
1328 1476
1328 2611
1329 3615
1330 3227
1331 2619
1331 3100
1332 1415
1333 3698
1334 2400
1335 2876
1335 4113
1336 2412
1336 2629
1337 1512
1337 3780
1339 3121
1339 3171
1340 2710
1340 4029
1341 1725
1342 1882
1344 3246
1345 3661
1346 1556
1346 2790
1347 3679
1347 3718
1348 3162
1349 1434
1349 2786
1349 3363
1349 3553
1350 1525
1350 1598
1351 1943
1351 3695
1352 3453
1353 3835
1353 4068
1354 2240
1355 1522
1356 1425
1356 2190
1356 2553
1356 2610
1357 2486
1357 2834
1359 2021
1359 3774
1361 3545
1361 3560
1362 3016
1363 3501
1363 4081
1364 2382
1364 2784
1365 2233
1365 3469
1366 1643
1367 3523
1368 1758
1369 3972
1370 1614
1370 4100
1371 2128
1372 3317
1372 3989
1373 2773
1374 2055
1374 3070
1375 2085
1375 2494
1376 3817
1377 3385
1378 4188
1379 2766
1379 3416
1380 1773
1380 4139
1381 3749
1382 1977
1382 2768
1383 3752
1383 4110
1384 3567
1384 3706
1385 2023
1385 2793
1386 3078
1386 4071
1387 2262
1387 2588
1388 1913
1388 3621
1389 3709
1390 3288
1390 3952
1391 1826
1391 2255
1392 2970
1392 3186
1393 2037
1393 2516
1395 2211
1396 1708
1396 3759
1397 3050
1398 2956
1399 2102
1400 3223
1400 4133
1401 2425
1402 2496
1403 2427
1403 3539
1404 3805
1405 3034
1406 1715
1406 3695
1407 2012
1408 2364
1408 3101
1409 3133
1410 2116
1410 2398
1411 2786
1412 2754
1412 3436
1413 3414
1414 3811
1414 3981
1415 3242
1416 2848
1416 3175
1417 1869
1417 3000
1418 1874
1418 2757
1419 2699
1419 3949
1419 4117
1420 4106
1421 2421
1422 2947
1423 2975
1423 3690
1430 2822
1430 4128
1431 1600
1431 3312
1432 2031
1433 2367
1434 2641
1435 2781
1436 3788
1436 3960
1437 1626
1437 2499
1438 1925
1439 2728
1439 4086
1440 3043
1441 3059
1442 1806
1443 2014
1444 1844
1444 2161
1444 3007
1445 2344
1446 3247
1448 2074
1449 3020
1449 3858
1450 3872
1451 2925
1451 3473
1452 3647
1452 4032
1453 2890
1454 3091
1455 2745
1456 4009
1457 2229
1457 2889
1458 2675
1458 2823
1458 3745
1459 3881
1460 3078
1461 1808
1461 3344
1464 2008
1465 2718
1465 3287
1466 2194
1466 3176
1466 4152
1467 1632
1468 4167
1469 2923
1469 3978
1470 2922
1471 2158
1472 2546
1472 4186
1473 2271
1473 2309
1474 3952
1475 3686
1476 3783
1477 3168
1477 4181
1478 3449
1479 2465
1479 2479
1480 1547
1480 3733
1481 1762
1482 2634
1483 3364
1483 3474
1484 1996
1484 4131
1485 2016
1486 2078
1486 3976
1487 2050
1487 2409
1488 1818
1489 2774
1489 3386
1490 2867
1490 3430
1491 1690
1491 3052
1493 4074
1495 3441
1496 3534
1496 3744
1497 3020
1497 3700
1498 1574
1498 3726
1499 1614
1500 1813
1501 2350
1501 2607
1502 2194
1502 2552
1503 2230
1503 3714
1504 1897
1504 4114
1505 2923
1506 2042
1506 2256
1506 2914
1506 3360
1507 2531
1508 3097
1509 2787
1510 1624
1510 3729
1511 1541
1513 2556
1513 3200
1514 3125
1514 3163
1515 2029
1515 3174
1518 2762
1519 1609
1519 1694
1520 3082
1521 2399
1521 3552
1522 2321
1523 2013
1524 2496
1524 3162
1525 2259
1525 2319
1525 3339
1527 1816
1527 2734
1529 1677
1529 3292
1530 3310
1530 3470
1531 2408
1531 3889
1533 3251
1533 3798
1534 2275
1534 2385
1535 2811
1535 3917
1536 3295
1536 3547
1537 2048
1537 2250
1538 1578
1538 2284
1539 3912
1540 2524
1541 2394
1542 2313
1542 3664
1543 1562
1543 1607
1544 2207
1544 3134
1545 1760
1546 3583
1547 2468
1548 3070
1548 4156
1549 1779
1549 2816
1550 2981
1551 1821
1551 2380
1552 3797
1553 1850
1554 1876
1554 2195
1555 1649
1555 3311
1556 1974
1557 2052
1557 3983
1559 2554
1559 2821
1561 3444
1562 4180
1563 4177
1564 2225
1564 2666
1566 1952
1566 2088
1568 3442
1571 2674
1571 2701
1572 3197
1573 2918
1573 3195
1573 3986
1573 4070
1575 1757
1576 2740
1576 3083
1577 3014
1577 3276
1581 2910
1582 2574
1582 2926
1584 1813
1584 2429
1585 2221
1585 4081
1586 1603
1586 3896
1587 2982
1587 3835
1588 3141
1590 2583
1591 2000
1592 2046
1593 3321
1594 3507
1595 3585
1596 3742
1597 2547
1598 3269
1599 3629
1601 2581
1604 2505
1604 2589
1605 3531
1606 3255
1607 2349
1609 2850
1609 3090
1610 2315
1610 3277
1611 3506
1612 4142
1613 1864
1613 4105
1615 4045
1616 1905
1617 3602
1618 2148
1619 2497
1620 3117
1620 3223
1621 3137
1621 3629
1622 2142
1622 3741
1623 3093
1623 3964
1624 3997
1625 1792
1625 2338
1626 3069
1627 1688
1627 2192
1629 2008
1629 2508
1629 3055
1629 3466
1630 3532
1630 4055
1631 2067
1631 3165
1632 3204
1633 1901
1634 3568
1635 2788
1635 3307
1636 2279
1637 3226
1638 2919
1638 3562
1639 3722
1640 3302
1640 4120
1641 2824
1641 4038
1646 2313
1647 2410
1647 4161
1649 2966
1650 2880
1651 1925
1652 2874
1653 1700
1653 2327
1654 2276
1654 2847
1655 2850
1655 3236
1656 4053
1656 4165
1657 2720
1657 3395
1659 2856
1659 3316
1660 2126
1661 2514
1661 3796
1662 2281
1662 2318
1663 2590
1663 3132
1664 1832
1665 2203
1667 3762
1668 1935
1668 2859
1669 2225
1670 3923
1671 2531
1671 3123
1672 2990
1673 3429
1673 3653
1674 2901
1675 1928
1676 2936
1676 3142
1676 3601
1677 3371
1678 3909
1679 2049
1679 2098
1680 2196
1681 2384
1681 3677
1682 2159
1683 3556
1684 2293
1684 3109
1686 3222
1687 1833
1689 3144
1690 1941
1691 3404
1693 2451
1693 3207
1694 3365
1695 3119
1696 1930
1696 3240
1697 4192
1698 3415
1699 2581
1700 2217
1701 4099
1702 3194
1703 2616
1703 3472
1704 1916
1704 2137
1704 2586
1705 1867
1705 2267
1705 3761
1705 3867
1706 1744
1706 2744
1707 3153
1707 3213
1708 1936
1709 4173
1710 1846
1710 2100
1712 2714
1712 3791
1713 3241
1714 3411
1715 4175
1716 2377
1717 2003
1717 3514
1718 3770
1718 4146
1719 1863
1719 3022
1719 3558
1720 3641
1720 3770
1722 3605
1722 4071
1723 1825
1723 3155
1724 3974
1725 3340
1726 1759
1726 4050
1727 2776
1728 3143
1728 3250
1729 3406
1730 2501
1730 4067
1731 3417
1731 3775
1732 2429
1732 3828
1733 2517
1733 3144
1734 3341
1734 3642
1735 2323
1735 2487
1736 1965
1736 3857
1737 3842
1737 3888
1738 3482
1738 3614
1739 3916
1739 4083
1741 1929
1742 2174
1742 2427
1743 2392
1744 3930
1745 2439
1745 4104
1746 2406
1746 3111
1747 2704
1748 3094
1749 2405
1750 1947
1750 2703
1751 3911
1751 4019
1752 2913
1752 3951
1753 1820
1755 2698
1756 2390
1758 3290
1759 2831
1760 2170
1761 2880
1761 3394
1762 2501
1763 3021
1763 3667
1764 1892
1765 2461
1765 3864
1766 1822
1767 4099
1768 2212
1768 2904
1769 3502
1770 2154
1770 3071
1771 3056
1772 3635
1773 3418
1774 1852
1775 2633
1776 3017
1777 3089
1777 3264
1778 3298
1780 2213
1780 2536
1781 2943
1781 3933
1782 3509
1782 3802
1783 4082
1784 2664
1785 2833
1786 3865
1787 3630
1788 2005
1788 2810
1789 2324
1789 3581
1790 3746
1791 1834
1791 2502
1793 2421
1795 3364
1795 3851
1797 2119
1797 3767
1797 3892
1798 3504
1799 2093
1800 3072
1800 3469
1801 3383
1801 3684
1802 2755
1802 3345
1803 2614
1803 3307
1804 3116
1805 2528
1805 2842
1807 3387
1808 4155
1809 2596
1810 2285
1810 2608
1811 2019
1811 3877
1812 3928
1814 3048
1814 3424
1815 2812
1815 2959
1816 2793
1817 3224
1817 3555
1818 1934
1819 3412
1821 3943
1822 3388
1824 2511
1825 2724
1826 2595
1827 2839
1828 3795
1829 3231
1832 2225
1833 2510
1835 2228
1835 3391
1836 3193
1837 4120
1838 2882
1839 3647
1839 4136
1841 1894
1842 3384
1843 1981
1843 2969
1844 2397
1845 2094
1845 2948
1845 2952
1846 3419
1847 3458
1847 3841
1848 1965
1849 1908
1850 3273
1851 1894
1852 3526
1853 3252
1854 1877
1855 2531
1855 2676
1856 3025
1857 2273
1857 3980
1858 2794
1858 3341
1859 2125
1860 3423
1861 2521
1861 2941
1862 2153
1863 3452
1864 4176
1865 2079
1865 2314
1865 3279
1866 2556
1867 4012
1868 4153
1870 2238
1870 2651
1871 3145
1872 2935
1873 3528
1874 3284
1875 1955
1875 2318
1876 4183
1878 2482
1878 3863
1879 3049
1879 4172
1880 1964
1880 2449
1880 3286
1881 3161
1883 2250
1884 2767
1884 3953
1885 2457
1885 4066
1886 2274
1886 2898
1887 3931
1888 2711
1889 3914
1890 1897
1891 3616
1891 3700
1895 2529
1895 2610
1896 2020
1896 3225
1896 3527
1898 2572
1898 3704
1899 2994
1900 3820
1900 3861
1902 3218
1902 3307
1903 3584
1904 1978
1905 3038
1907 3035
1908 3023
1909 2579
1910 2329
1910 2356
1910 2862
1911 2963
1911 4125
1912 3626
1912 3915
1913 3783
1914 3333
1914 3763
1915 2580
1915 2730
1916 3202
1917 2374
1917 3748
1918 2071
1918 3443
1919 2332
1920 2508
1920 3929
1922 3173
1923 3416
1924 3170
1926 2440
1926 3148
1927 2633
1929 3797
1930 2007
1931 2668
1932 2076
1934 2461
1935 3927
1936 3792
1937 2617
1937 4051
1938 2863
1938 2875
1939 2594
1942 3542
1943 3185
1944 2224
1944 3739
1945 2480
1945 3188
1946 2756
1947 3863
1949 3920
1949 4139
1950 3643
1950 3860
1951 3325
1954 3768
1954 4103
1955 3474
1956 3036
1957 1979
1957 2712
1958 3652
1959 3540
1960 2241
1960 2609
1961 3169
1961 3262
1962 1998
1962 3080
1963 3793
1964 2073
1966 3440
1966 3936
1967 2881
1968 2931
1968 3365
1970 3201
1972 2398
1973 2860
1974 2168
1975 2180
1976 3717
1976 4153
1977 3041
1978 3421
1980 3463
1982 2277
1982 2544
1983 3686
1983 3870
1985 2693
1986 3070
1987 3109
1988 3769
1989 3794
1990 3705
1990 4169
1991 2288
1992 2859
1993 2110
1994 3501
1995 3741
1995 3886
1996 3286
1997 2683
1997 3445
1998 2706
1999 3865
2001 3243
2002 3493
2002 3894
2003 2896
2004 2632
2004 4065
2005 3831
2006 2268
2006 3308
2009 2370
2009 3991
2010 2952
2010 4111
2011 3654
2011 4172
2013 2245
2014 2178
2016 3870
2017 2240
2017 2392
2018 2621
2022 2892
2023 2747
2025 3197
2026 3737
2028 2904
2028 3654
2028 4194
2030 2122
2030 2959
2032 3673
2033 2763
2033 2807
2034 4098
2035 2951
2035 3614
2036 3453
2038 3047
2039 3679
2040 2546
2040 2643
2042 2258
2043 3925
2044 3101
2045 2236
2045 3979
2046 4031
2048 2900
2048 3923
2051 3835
2052 4023
2052 4113
2053 2787
2053 3184
2054 2124
2056 3451
2056 3788
2057 2488
2057 2748
2059 2274
2059 3459
2060 2390
2061 2278
2061 3988
2063 2288
2063 3057
2064 2526
2064 2948
2065 2689
2066 3985
2067 3068
2068 2979
2069 3970
2070 2276
2070 3631
2070 3646
2072 2364
2072 3944
2073 3130
2074 2420
2075 2498
2075 3256
2076 3117
2077 2776
2077 3166
2078 2103
2079 3917
2082 4089
2083 2434
2083 2692
2086 2623
2086 3534
2087 3550
2088 2679
2089 3128
2089 3166
2090 2237
2090 2727
2091 3873
2092 2309
2092 4049
2095 2112
2097 3431
2099 2723
2099 3676
2100 3513
2105 2982
2105 3720
2106 3342
2107 2230
2107 3019
2108 2400
2108 2529
2109 2268
2110 4066
2111 2592
2111 3488
2113 3290
2114 2424
2114 2815
2117 2264
2117 2812
2120 2404
2120 2569
2120 3350
2120 3710
2121 3428
2121 3806
2124 2873
2126 3039
2127 2136
2127 2200
2129 3446
2129 3525
2130 3021
2131 2200
2131 3622
2132 2390
2132 2487
2133 2411
2134 2389
2134 3640
2135 3276
2137 3650
2138 2619
2140 2892
2141 3702
2142 3096
2143 2642
2143 3949
2144 3882
2146 3750
2146 3961
2149 2444
2149 4076
2150 3937
2150 4028
2151 3866
2152 2576
2152 3898
2153 2408
2154 4182
2154 4197
2155 2241
2155 2543
2155 3427
2155 4001
2156 2582
2157 3571
2157 3897
2159 3640
2160 3153
2162 3063
2163 4044
2164 3673
2165 3744
2166 2696
2166 3764
2169 3329
2171 2568
2172 2381
2173 3665
2175 2319
2175 3400
2176 2311
2176 2654
2177 3825
2178 3212
2178 3230
2179 2626
2181 2306
2181 3537
2182 4140
2184 2262
2185 2303
2186 3591
2186 3934
2187 3753
2187 3832
2188 2388
2188 3425
2189 2541
2190 4127
2191 3255
2191 3845
2192 2220
2193 2648
2196 3467
2197 3376
2197 3940
2198 3530
2199 2691
2199 3136
2202 3573
2203 2335
2204 3844
2205 3587
2206 2245
2208 2360
2209 3062
2209 3398
2210 4164
2211 2558
2211 3390
2212 2655
2213 2735
2214 3025
2215 2415
2216 2869
2216 3493
2218 2323
2218 2625
2218 3781
2219 2417
2219 2720
2220 3631
2221 2602
2222 2940
2222 3228
2224 2802
2226 3927
2227 3605
2227 3778
2228 3104
2229 4171
2231 3037
2231 3743
2232 2366
2232 2852
2233 3256
2234 2802
2235 3752
2236 3850
2237 3014
2238 3189
2239 3716
2242 3444
2242 3728
2243 2763
2246 2840
2246 3165
2247 3032
2247 4043
2251 3410
2253 3045
2253 4079
2254 2752
2256 3196
2257 3821
2257 3947
2258 2537
2259 3260
2260 3517
2260 4123
2264 2730
2264 3989
2265 2340
2266 3393
2268 4100
2269 3993
2270 2930
2270 3598
2271 3192
2272 2704
2275 3059
2278 2307
2280 3452
2281 2639
2282 2520
2282 4049
2283 4075
2284 3589
2286 2916
2286 3475
2287 2649
2287 2747
2287 3330
2287 3965
2289 2825
2289 3609
2290 2439
2291 3899
2293 3397
2296 4040
2297 2455
2297 2473
2297 3521
2297 3935
2298 3613
2299 2992
2299 3405
2301 3608
2303 3817
2304 3179
2304 4197
2305 2468
2305 3438
2306 3995
2307 4175
2308 2703
2308 2906
2310 3081
2310 4160
2311 3475
2312 3572
2314 2559
2316 3011
2317 4074
2318 3320
2320 2585
2320 2597
2321 3164
2322 2947
2324 2995
2326 2464
2326 4104
2327 3490
2329 2671
2330 2695
2330 2927
2333 2962
2335 4084
2336 2348
2337 2917
2339 3084
2339 3775
2342 3518
2342 3996
2343 3971
2344 3080
2345 3627
2346 3267
2346 3297
2347 2870
2348 3318
2349 3173
2350 4041
2352 3301
2353 2973
2358 3516
2358 3691
2359 2998
2359 3512
2361 3569
2362 2578
2362 3366
2363 2941
2365 2383
2365 3434
2366 2435
2366 3465
2367 3696
2368 3747
2368 4047
2369 3435
2369 3828
2370 3879
2371 2846
2371 3118
2373 3597
2376 3183
2376 3343
2377 2877
2378 3063
2378 3237
2378 3999
2379 4182
2380 3282
2384 2443
2385 2504
2386 3179
2388 4036
2389 3531
2391 2882
2393 4037
2394 3131
2395 2881
2395 4063
2396 3085
2396 3687
2397 3248
2402 3037
2402 3235
2403 3347
2406 3389
2407 4109
2408 3127
2408 3281
2411 3876
2412 3553
2413 2898
2413 3184
2414 2549
2414 4065
2415 3246
2417 2620
2418 3784
2418 4039
2419 2698
2419 4028
2422 3162
2423 3537
2423 3604
2426 3313
2426 3526
2428 2538
2428 2573
2430 3279
2430 4135
2431 3486
2433 2716
2434 3090
2435 3623
2436 3707
2437 2520
2437 3785
2438 4017
2439 2845
2441 3238
2443 4051
2445 3804
2445 4107
2446 3977
2447 2533
2449 2463
2450 3274
2450 4142
2451 2501
2452 2777
2452 2851
2453 2667
2453 3235
2454 2851
2455 4135
2457 2785
2458 2548
2459 3359
2459 3476
2460 3448
2460 3619
2462 3667
2464 3445
2466 2765
2466 3692
2467 3637
2469 3433
2469 3823
2470 4122
2472 4072
2473 3976
2474 2863
2474 3322
2474 3728
2474 3887
2475 4162
2476 3009
2476 3138
2477 2709
2478 2790
2478 3694
2479 3393
2480 3636
2481 2693
2483 3117
2484 2998
2485 3868
2485 4129
2486 3834
2488 3100
2489 3211
2489 3896
2490 2618
2491 3133
2493 3334
2494 3613
2495 2717
2495 3854
2497 3392
2498 3525
2500 4167
2501 4133
2503 2555
2503 2826
2504 2630
2505 2764
2506 2883
2507 2719
2509 2822
2509 3399
2510 2796
2511 2746
2512 3583
2515 3009
2516 4125
2518 2828
2522 4016
2523 3477
2524 3559
2525 4097
2526 2816
2527 2861
2527 4110
2528 3724
2530 3467
2531 4196
2532 3110
2532 3712
2534 3785
2535 2599
2538 3548
2539 3560
2539 3853
2540 3843
2542 3159
2542 3818
2544 2824
2544 3642
2545 3839
2548 4125
2551 3925
2553 3748
2555 2672
2559 4039
2560 4111
2563 3214
2563 3245
2566 3258
2568 3287
2569 3284
2570 3982
2570 4026
2571 3539
2575 3237
2576 3776
2576 4158
2577 3293
2577 3928
2578 2990
2582 2885
2582 3739
2585 3808
2587 2670
2587 2737
2588 2894
2589 4143
2590 3306
2591 2603
2591 2752
2593 2943
2593 4020
2594 3422
2595 2811
2595 3069
2595 3829
2597 2699
2598 2857
2598 3965
2600 2756
2601 3227
2605 3521
2606 3132
2607 2754
2608 3776
2609 3895
2612 4069
2614 3410
2615 3221
2617 3645
2618 2715
2620 2902
2624 4006
2626 2860
2627 3560
2627 4122
2631 2848
2631 3914
2634 2872
2636 2664
2637 3886
2638 2836
2639 3566
2640 3139
2640 3491
2642 2817
2645 2815
2647 2804
2648 3437
2649 2714
2651 2789
2652 3725
2653 4090
2654 3603
2656 3615
2656 3978
2657 3062
2658 3254
2661 3535
2662 3815
2662 4002
2663 3216
2665 3006
2665 4102
2667 2939
2669 3354
2670 3439
2671 3664
2673 3669
2674 3824
2675 3875
2676 3315
2677 2893
2677 3696
2680 3068
2680 3769
2681 2795
2682 3958
2682 4140
2684 3206
2684 3936
2687 2939
2688 3468
2688 3754
2689 4130
2692 2978
2693 2710
2693 3432
2695 3274
2696 2810
2697 3658
2697 3661
2700 3344
2700 3494
2701 2873
2705 3254
2706 3141
2707 3919
2708 3705
2712 2822
2713 4179
2715 2927
2716 3020
2717 3957
2718 2808
2719 3078
2720 2856
2721 3712
2722 3056
2722 4034
2724 3805
2725 3801
2726 4046
2727 3378
2729 3761
2731 3423
2732 3486
2733 4042
2736 2989
2738 3386
2738 3715
2739 2896
2740 2759
2741 3375
2742 3716
2742 4079
2743 3584
2743 4018
2745 2963
2746 3510
2749 2920
2749 4189
2750 2854
2750 2877
2750 3349
2751 3523
2751 3565
2753 2761
2758 3694
2758 3950
2760 3186
2762 3884
2764 3910
2765 4054
2767 3285
2768 3973
2769 2835
2769 3253
2770 3693
2772 4097
2774 3245
2777 3698
2778 3493
2779 3712
2782 3073
2782 3391
2783 2830
2783 3833
2784 3441
2785 3632
2789 3443
2792 3247
2792 4149
2795 3329
2797 3300
2797 3489
2798 3922
2798 4152
2799 3405
2800 2987
2800 3689
2801 3556
2805 3008
2805 3322
2806 2831
2808 3120
2809 3956
2809 4187
2813 3022
2813 3847
2814 3086
2814 3800
2818 2825
2818 4101
2820 3826
2820 4060
2821 3945
2826 3626
2828 3060
2829 3592
2831 3343
2832 3845
2835 3402
2836 3275
2840 3163
2841 3309
2842 4035
2843 3234
2844 4131
2846 3742
2851 4013
2852 3779
2854 3446
2855 3618
2857 3176
2858 3399
2861 3252
2861 3459
2865 3763
2865 3830
2866 3289
2868 3543
2869 3219
2870 3611
2871 3494
2871 3802
2876 4093
2884 3484
2886 4011
2886 4175
2888 2907
2888 2934
2889 3324
2891 3768
2893 3051
2896 3731
2899 4041
2900 3578
2903 3008
2903 3539
2905 3851
2906 3108
2907 2960
2908 3857
2908 4193
2909 2968
2909 3677
2909 3794
2909 4178
2911 3773
2912 3485
2916 3385
2916 3790
2916 3958
2917 3633
2918 4027
2920 3349
2921 3528
2921 4075
2922 3357
2925 3153
2927 4088
2928 3589
2929 3093
2929 4089
2931 3439
2931 3701
2932 4124
2937 3877
2938 4057
2940 4086
2942 3214
2944 3064
2945 3028
2946 3932
2946 4061
2949 3211
2949 4193
2950 3314
2950 4093
2951 3907
2951 4129
2953 3182
2954 3473
2955 3737
2957 3335
2958 3015
2958 4073
2960 3367
2961 3638
2964 3152
2967 3389
2969 4117
2971 3157
2974 3123
2976 3937
2977 3428
2978 3730
2981 4015
2983 3323
2983 3481
2984 3331
2988 3411
2988 4153
2989 3891
2992 3529
2993 3106
2993 3827
2994 3215
2996 4165
2997 3112
2997 3674
3002 3095
3003 3285
3003 3880
3003 4024
3004 3856
3005 3931
3005 4092
3006 3020
3007 3463
3010 3270
3011 3756
3012 3503
3013 3963
3015 4095
3018 3059
3018 3487
3019 3283
3023 3078
3024 3405
3026 4118
3027 3363
3027 4096
3028 3985
3029 3126
3032 4077
3036 4008
3040 3512
3040 3954
3042 3119
3043 3268
3044 3177
3047 3301
3048 3880
3052 3402
3053 4081
3054 3517
3055 3190
3056 3594
3067 3624
3074 3723
3075 4000
3077 4041
3079 3478
3082 3660
3083 3456
3088 3099
3088 3994
3092 3662
3097 3216
3098 3373
3099 3157
3099 3208
3103 4136
3105 4121
3106 4011
3107 4168
3108 3317
3110 3717
3111 4125
3114 3562
3114 4054
3115 3280
3115 3478
3118 4079
3122 3161
3122 3180
3124 3160
3124 4121
3125 3827
3127 3328
3129 3780
3131 3561
3134 3447
3135 3502
3139 3715
3143 3408
3144 3772
3144 4145
3145 3892
3146 3762
3146 3904
3147 3397
3150 3154
3150 4031
3151 3575
3154 3984
3156 3362
3156 3617
3158 3508
3168 3957
3175 3708
3177 3810
3178 3188
3181 3220
3187 3699
3189 4019
3190 3906
3191 3360
3191 3464
3192 4062
3193 3771
3195 3548
3196 3522
3200 4166
3203 3281
3203 3926
3204 3400
3205 3232
3205 3358
3207 3598
3210 3445
3210 3847
3212 3278
3213 4085
3217 3980
3219 3455
3220 4003
3221 3888
3222 3725
3224 4176
3227 3549
3227 3718
3228 3584
3229 4147
3233 3576
3233 3727
3234 3544
3240 3840
3241 3657
3241 3720
3242 3305
3242 3766
3244 3299
3244 3975
3245 4052
3245 4149
3248 3918
3249 3395
3250 3710
3253 3666
3257 3483
3259 4127
3263 3663
3263 3668
3263 3782
3265 3975
3266 3913
3268 3911
3268 4091
3269 3586
3272 3758
3275 3655
3277 3905
3289 3627
3290 3747
3290 4190
3291 3908
3292 3319
3293 4103
3294 4042
3296 3575
3300 4073
3301 3916
3303 3900
3304 3403
3304 3830
3305 4010
3308 3690
3310 3979
3316 4146
3318 3672
3321 3903
3323 3827
3325 3763
3327 3878
3330 3628
3331 3997
3332 3587
3332 4023
3333 4053
3337 3584
3340 3767
3345 3494
3347 3950
3348 3912
3351 3409
3352 3497
3352 3545
3358 3436
3366 4185
3367 3871
3368 3524
3369 3735
3369 3803
3370 3372
3371 4079
3373 3415
3381 3901
3383 3772
3387 3912
3391 3567
3391 3609
3392 4118
3396 3488
3398 3577
3398 3682
3404 3999
3408 3519
3409 4175
3414 4006
3425 3882
3430 3842
3431 3678
3448 4163
3450 3736
3454 3820
3460 3681
3460 4178
3462 3757
3464 3660
3465 3821
3466 4048
3471 3811
3471 4057
3476 3520
3479 3960
3480 3492
3480 3877
3484 3703
3485 3774
3487 4080
3499 3757
3503 3943
3505 3569
3519 3969
3520 3784
3522 4184
3530 3760
3533 3732
3533 4022
3535 4164
3536 3896
3539 3593
3540 4004
3544 4192
3551 4156
3552 3586
3552 4021
3554 3942
3555 3649
3561 4027
3563 3657
3564 3822
3564 3861
3568 3715
3574 3645
3579 3986
3585 3676
3588 3778
3592 3975
3597 3816
3600 3736
3600 3934
3611 4144
3616 3708
3617 3764
3619 3670
3624 3701
3628 4082
3630 4176
3634 4181
3635 3863
3636 3945
3643 3975
3644 3850
3644 4161
3646 3804
3648 3763
3651 3719
3655 4076
3662 3861
3665 4059
3671 4116
3674 4051
3684 4101
3688 3846
3693 3955
3697 3896
3707 3919
3709 4029
3711 4155
3713 3885
3721 3925
3729 3872
3730 3812
3731 3787
3735 3738
3738 3968
3745 4148
3746 4064
3749 3803
3751 4186
3766 4112
3786 4035
3787 3812
3797 3953
3797 4063
3798 4013
3806 3972
3806 4017
3807 3893
3809 4150
3814 4180
3816 3918
3819 3826
3822 3991
3833 3875
3837 4189
3840 3946
3843 4038
3849 4033
3849 4045
3852 4078
3853 4030
3854 3933
3859 4144
3894 4188
3897 3967
3901 4112
3902 3970
3930 4040
3941 4078
3962 4163
3969 4195
3973 4047
3981 4018
3982 4174
3988 4033
3995 4173
4002 4024
4005 4159
4007 4191
4009 4174
4012 4157
4014 4037
4025 4050
4041 4084
4048 4199
4051 4185
4087 4179
4087 4192
4115 4148
4116 4176
4165 4198
