110 110
0 16
0 77
1 20
1 35
2 12
2 50
3 4
3 61
4 23
5 57
5 101
6 75
6 93
7 15
7 37
8 29
8 56
9 32
9 94
10 61
10 94
11 74
11 100
12 51
13 33
13 59
14 38
14 109
15 28
16 28
17 42
17 46
18 19
18 26
19 41
20 95
21 89
21 92
22 58
22 87
23 99
24 43
24 51
25 32
25 108
26 102
27 85
27 98
29 85
30 58
30 82
31 79
31 89
33 34
34 73
35 84
36 49
36 91
37 40
38 79
39 67
39 80
40 75
41 107
42 62
43 62
44 97
44 103
45 49
45 104
46 70
47 48
47 98
48 78
50 64
52 54
52 100
53 60
53 81
54 83
55 76
55 92
56 95
57 96
59 67
60 64
63 82
63 102
65 90
65 109
66 77
66 86
68 73
68 97
69 87
69 104
70 91
71 76
71 105
72 96
72 105
74 107
78 83
80 84
81 88
86 106
88 93
90 99
101 103
106 108
