900 900
0 376
1 836
2 33
2 540
2 617
3 266
3 891
4 238
4 266
4 400
4 492
4 846
5 831
6 208
6 622
7 802
8 764
9 138
10 890
11 607
11 744
12 363
13 333
13 487
14 338
15 26
15 210
16 466
17 74
17 548
17 685
17 690
17 696
17 884
17 889
18 74
18 145
18 197
18 507
18 541
18 734
19 688
19 724
20 163
21 54
22 643
23 554
24 200
24 298
24 805
25 405
25 662
26 586
27 752
28 467
28 602
29 75
29 93
29 508
29 634
29 894
30 125
30 180
30 422
30 706
31 195
32 150
32 166
34 458
35 141
35 251
35 283
35 769
35 793
35 819
35 826
36 151
36 313
36 316
36 505
36 707
36 849
36 870
37 239
37 518
37 883
38 96
38 295
38 827
39 156
39 217
39 300
39 500
40 142
40 598
40 732
41 890
42 638
42 874
43 50
43 91
43 232
43 472
43 564
43 733
44 138
44 188
44 404
44 474
44 646
45 222
46 471
47 273
48 228
48 675
49 164
49 317
49 752
50 782
50 876
51 466
52 228
53 624
54 627
55 730
56 673
57 260
57 442
58 459
58 556
59 65
59 190
60 600
61 154
61 819
62 561
63 145
64 685
65 661
66 722
67 166
68 170
68 729
69 605
70 641
71 241
71 847
71 850
72 181
72 285
72 287
72 427
72 870
73 511
74 217
74 488
74 539
74 724
74 779
75 82
75 426
75 681
75 805
76 624
77 235
78 135
79 302
79 315
79 412
79 870
79 892
80 102
80 753
81 420
81 721
82 100
83 390
83 622
84 117
84 609
85 885
86 890
87 861
88 201
88 457
88 651
88 837
89 458
89 787
90 615
92 707
94 121
94 163
94 875
95 791
95 852
96 874
97 787
98 656
99 106
99 542
100 661
101 505
102 531
102 766
103 609
103 721
104 279
105 650
106 771
107 623
108 552
108 630
108 758
109 773
110 189
110 321
110 557
110 626
110 632
110 673
110 868
111 507
112 167
112 539
113 573
114 245
114 515
114 573
115 329
116 162
116 792
118 674
118 692
119 336
120 432
121 806
122 577
122 773
123 841
124 728
126 296
126 523
127 370
128 207
129 860
130 485
131 444
131 491
132 792
133 163
134 276
135 217
135 615
135 654
135 716
136 516
137 439
137 726
139 568
140 362
140 364
140 431
140 491
141 809
142 196
142 665
143 235
143 380
144 641
146 162
146 823
147 185
147 329
147 441
147 484
147 802
148 456
149 311
149 335
149 563
150 386
150 511
150 833
150 859
152 155
152 187
153 632
155 160
155 185
155 284
155 304
155 779
156 446
156 795
157 625
157 819
158 425
158 528
159 531
160 536
161 713
161 813
163 476
163 489
163 831
164 633
165 502
166 566
166 701
166 869
168 656
169 594
171 437
172 477
173 564
174 196
175 239
176 734
177 221
177 503
177 845
178 493
178 830
179 338
179 556
180 843
181 240
181 331
181 371
181 771
182 235
183 200
184 776
184 797
185 411
185 882
186 553
188 235
188 516
188 547
188 565
188 600
188 758
191 555
192 899
193 560
193 629
194 326
195 792
196 437
196 543
196 836
197 299
197 800
198 876
199 225
199 361
199 572
199 773
199 798
200 471
200 839
201 259
201 403
201 567
201 706
201 715
201 779
202 495
203 805
204 722
205 454
206 860
206 882
207 405
207 561
209 455
209 470
210 407
211 821
212 488
212 496
213 449
214 263
214 680
215 757
215 776
215 830
216 292
216 522
216 742
217 253
218 397
219 352
220 274
220 279
220 287
220 610
221 350
221 488
221 721
222 257
222 327
222 506
223 724
224 285
225 312
225 425
226 455
226 525
226 851
227 837
228 357
229 404
230 348
231 356
231 639
232 253
232 389
232 501
232 617
232 730
232 828
233 629
234 847
235 488
235 638
235 668
235 826
236 828
237 336
237 358
237 744
238 278
239 684
240 393
240 848
241 362
241 502
242 587
242 867
243 842
244 297
244 306
244 623
244 721
246 391
247 695
248 352
249 351
249 664
250 271
250 700
250 808
251 323
251 432
251 656
251 682
252 478
253 308
254 683
255 372
255 489
255 881
256 523
257 266
257 416
257 553
257 612
258 363
261 836
262 370
263 275
263 529
264 425
265 604
266 519
266 758
266 780
267 485
268 347
269 730
270 477
271 878
272 758
273 549
273 727
274 382
274 487
276 720
277 449
277 464
277 592
279 442
280 281
281 778
282 557
284 345
284 709
286 709
286 729
287 585
288 436
289 590
290 296
291 498
291 626
293 491
293 756
294 826
297 421
297 684
301 417
301 643
301 655
302 659
303 585
305 435
307 310
307 683
307 779
307 880
308 647
309 321
314 361
316 524
318 761
319 387
320 448
322 489
324 629
324 755
325 328
326 376
327 628
328 773
330 370
332 529
332 870
332 893
334 530
335 539
335 636
335 761
335 885
336 546
336 825
337 606
338 725
339 430
339 613
340 720
341 449
342 531
343 845
344 862
344 868
345 658
346 401
346 424
346 467
347 619
347 729
348 778
349 475
352 728
352 777
352 778
352 807
353 499
354 513
355 525
358 406
358 734
358 865
359 870
360 751
361 747
362 568
362 705
363 660
365 741
366 505
367 741
368 581
369 392
369 835
370 831
373 641
373 877
374 704
375 642
375 826
376 604
376 728
376 741
376 764
377 721
378 767
378 879
379 729
381 516
383 497
383 533
384 494
385 494
385 627
387 423
387 870
388 752
391 685
393 640
394 606
394 855
395 829
396 836
397 730
398 729
399 425
399 754
402 426
402 573
403 621
405 485
405 587
405 785
405 815
406 475
408 503
409 868
410 717
410 752
413 787
414 528
415 704
416 735
417 587
418 630
418 863
419 657
424 676
425 595
426 663
428 645
428 689
428 768
429 790
430 446
430 750
430 817
433 435
433 857
434 529
434 570
436 805
438 696
439 513
439 531
440 516
442 509
442 599
442 704
443 498
445 482
445 711
445 885
446 579
447 483
447 491
448 504
448 815
449 453
449 876
450 481
450 739
450 876
451 586
451 804
452 722
454 594
454 698
454 851
456 672
460 833
461 510
461 563
462 485
462 818
463 560
465 757
465 787
466 759
467 575
467 588
468 500
469 687
471 544
472 799
473 650
474 512
477 589
477 792
478 773
479 531
479 759
480 885
485 749
486 771
487 558
488 714
488 764
488 772
488 787
489 668
490 772
491 752
491 767
494 531
495 648
497 550
497 637
497 679
497 808
498 695
499 537
500 770
500 774
503 854
512 765
514 678
517 865
520 665
521 664
521 890
522 574
522 870
523 650
526 680
527 578
528 760
529 582
529 593
529 648
529 670
530 639
530 861
531 566
531 757
532 673
534 826
535 876
537 694
537 734
538 562
539 568
539 645
539 792
541 581
541 838
545 772
550 668
551 811
554 720
554 779
555 811
556 615
556 887
559 712
559 887
561 844
562 851
564 614
564 794
565 835
568 639
568 723
568 829
569 742
571 600
571 631
573 576
575 668
578 589
580 789
582 652
582 811
583 686
584 616
586 604
586 856
587 687
589 601
589 745
590 644
590 767
591 627
591 810
592 840
595 746
596 865
597 764
600 858
600 899
603 657
604 853
605 629
605 899
608 771
611 710
611 899
616 699
616 719
618 871
618 890
619 675
620 769
622 668
622 781
623 635
624 733
626 779
626 784
629 657
630 763
638 653
643 895
645 692
645 786
649 733
650 764
660 759
665 873
666 851
667 861
668 687
668 836
669 764
669 857
671 694
672 759
677 847
678 730
681 693
681 888
682 812
683 886
686 702
691 853
697 787
702 766
703 873
706 743
708 884
712 769
713 729
714 762
717 816
718 777
719 876
720 898
721 740
722 802
727 752
728 775
731 822
734 821
736 882
737 855
738 764
738 773
738 852
748 759
751 796
751 819
754 866
758 805
759 801
759 832
773 820
774 783
779 870
779 890
788 853
789 795
790 850
792 824
803 885
805 822
805 842
806 834
814 892
824 896
826 851
830 872
837 841
852 877
855 898
864 898
868 897
