250 250
0 169
0 221
1 57
1 163
2 24
2 173
3 70
3 164
4 51
4 120
5 116
5 199
6 93
6 142
7 127
7 210
8 52
8 162
9 181
9 182
10 85
10 88
11 32
11 125
12 55
12 222
13 71
13 75
14 179
14 191
15 109
15 171
16 106
16 159
17 22
17 239
18 40
18 101
19 102
19 238
20 202
20 246
21 140
21 221
22 232
23 33
23 212
24 76
25 126
25 143
26 170
26 177
27 148
27 190
28 195
28 218
29 154
29 245
30 165
30 189
31 198
31 216
32 43
33 208
34 132
34 145
35 57
35 214
36 50
36 233
37 164
37 192
38 43
38 61
39 44
39 181
40 244
41 82
41 216
42 103
42 199
44 215
45 124
45 152
46 175
46 242
47 124
47 194
48 153
48 225
49 95
49 249
50 201
51 110
52 208
53 122
53 213
54 64
54 131
55 144
56 99
56 232
58 69
58 183
59 83
59 163
60 87
60 97
61 91
62 139
62 210
63 141
63 205
64 82
65 117
65 139
66 96
66 126
67 218
67 223
68 147
68 174
69 89
70 204
71 225
72 227
72 228
73 110
73 241
74 99
74 137
75 159
76 236
77 203
77 239
78 160
78 236
79 168
79 185
80 153
80 206
81 114
81 129
83 194
84 197
84 200
85 180
86 160
86 161
87 119
88 240
89 90
90 209
91 172
92 134
92 247
93 112
94 123
94 146
95 191
96 134
97 175
98 115
98 229
100 118
100 127
101 158
102 243
103 147
104 179
104 227
105 133
105 246
106 177
107 135
107 150
108 113
108 174
109 150
111 202
111 226
112 137
113 242
114 144
115 151
116 155
117 152
118 119
120 168
121 231
121 249
122 130
123 165
125 240
128 149
128 196
129 166
130 230
131 188
132 231
133 209
135 151
136 149
136 215
138 193
138 224
140 142
141 237
143 213
145 162
146 157
148 211
154 176
155 188
156 186
156 244
157 169
158 167
161 237
166 226
167 190
170 186
171 187
172 233
173 184
176 228
178 217
178 248
180 222
182 192
183 193
184 206
185 203
187 189
195 219
196 234
197 245
198 220
200 248
201 234
204 205
207 212
207 219
211 214
217 247
220 235
223 224
229 235
230 243
238 241
