2144 2412
0 480
0 1750
1 597
1 1428
2 14
2 868
2 1490
2 1680
3 1126
3 1419
4 168
4 466
4 839
4 2123
5 148
5 263
5 1566
5 1846
6 1088
6 1643
7 449
7 680
7 1250
7 1449
8 1843
8 2087
9 1321
9 1643
10 1126
10 2115
11 294
11 1383
12 61
12 171
13 921
13 2062
14 1950
15 1141
15 2064
16 310
16 842
16 1721
16 2022
17 108
17 728
18 737
18 1577
19 1655
19 1874
20 41
20 1785
21 272
21 1797
22 756
22 804
22 920
22 1614
23 499
23 1551
23 2084
23 2139
24 372
24 660
25 222
25 1882
26 989
26 1264
27 1039
27 1372
28 686
28 1390
29 1172
29 1557
30 1016
30 1781
31 137
31 1696
32 45
32 688
32 1194
32 1713
33 1646
33 1987
34 743
34 1296
35 634
35 1370
36 416
36 1038
37 1346
37 1764
38 302
38 1539
39 1180
39 1393
40 81
40 2040
41 721
41 1260
41 1998
42 726
42 1267
43 1428
43 1904
44 1275
44 1881
45 1352
46 1496
46 1990
47 1821
47 2071
48 1013
48 1126
49 170
49 706
50 1338
50 1777
51 601
51 1720
52 297
52 707
52 1151
52 1362
53 236
53 378
54 697
54 2014
55 214
55 1948
56 1176
56 1564
57 716
57 1858
58 126
58 1937
59 1537
59 1918
60 344
60 827
60 1355
60 1836
61 385
62 611
62 1565
63 239
63 1042
64 397
64 949
64 1208
64 2075
65 253
65 832
65 1606
65 1727
66 280
66 1416
67 1471
67 1933
68 760
68 849
69 628
69 1841
70 1239
70 1306
71 1448
71 1468
71 1516
71 1963
72 197
72 368
72 406
72 1467
73 223
73 1327
74 508
74 1796
75 314
75 2127
76 82
76 934
77 933
77 1741
78 275
78 1401
79 808
79 1625
80 846
80 1915
81 600
82 2080
83 1029
83 1144
84 1363
84 2091
85 216
85 526
86 817
86 1201
87 1144
87 1312
88 474
88 798
89 1064
89 1287
90 404
90 1194
91 98
91 1367
92 1450
92 1946
93 434
93 1529
94 352
94 1663
95 560
95 1863
96 513
96 896
97 703
97 892
98 155
99 1008
99 1539
100 1090
100 1800
101 746
101 1678
102 581
102 2056
103 625
103 1270
103 1368
103 1495
104 412
104 727
104 1382
104 1590
105 369
105 594
106 1191
106 1413
107 820
107 1077
108 1273
109 924
109 1387
110 1163
110 1910
111 1070
111 1964
112 146
112 1691
113 1471
113 1733
114 555
114 1570
115 1040
115 1389
116 256
116 334
117 1427
117 1584
118 1089
118 1899
119 1043
119 1094
120 1759
120 1888
121 724
121 1760
122 366
122 921
122 1969
122 2115
123 411
123 1406
124 373
124 461
124 1395
124 1512
125 641
125 1476
126 1469
127 830
127 1628
128 302
128 372
129 231
129 674
129 785
129 1038
130 1358
130 1883
131 169
131 973
132 421
132 508
133 825
133 925
134 1741
134 2100
135 1447
135 1547
136 361
136 1147
137 1440
138 319
138 1610
139 215
139 1538
140 792
140 1786
141 1107
141 1108
142 1824
142 1945
143 795
143 2112
144 1259
144 1694
145 1058
145 1853
146 1597
147 179
147 737
147 984
147 2030
148 2005
149 387
149 1612
150 514
150 1982
151 1095
151 1491
152 647
152 1078
153 895
153 1577
154 834
154 1082
155 283
156 174
156 592
157 404
157 1197
158 441
158 599
159 1148
159 1668
160 741
160 1403
161 169
161 464
162 852
162 2022
163 489
163 684
164 1070
164 1079
165 1886
165 2143
166 927
166 1344
167 1159
167 1977
168 1639
169 381
169 1554
170 1915
171 856
171 941
171 1156
172 173
172 1431
173 631
173 1738
173 1804
174 2028
175 1617
175 2037
176 481
176 1353
177 189
177 777
178 812
178 1913
179 675
180 988
180 1301
180 1311
180 1621
181 1889
181 2091
182 970
182 1058
182 1951
182 2031
183 986
183 1937
184 948
184 1192
185 567
185 1082
186 626
186 2119
187 899
187 1206
187 1822
187 2096
188 1158
188 1442
189 796
190 927
190 1068
191 1298
191 1707
192 1453
192 1764
193 390
193 1105
194 652
194 1513
195 788
195 994
196 237
196 270
196 1374
196 1562
197 326
198 796
198 1821
199 588
199 1005
199 1237
199 1286
200 361
200 785
201 952
201 2102
202 939
202 1077
203 1186
203 1939
204 1086
204 1091
205 445
205 1398
206 507
206 520
206 841
206 1585
207 1770
207 1973
208 802
208 1717
209 967
209 1869
210 629
210 954
210 1568
210 2024
211 522
211 1257
212 1145
212 1187
213 969
213 1716
214 1136
215 1222
216 1483
217 409
217 730
218 1832
218 1862
219 432
219 1453
220 1473
220 1508
220 1762
220 2015
221 649
221 1550
222 1462
223 2137
224 725
224 2062
225 752
225 1195
226 1256
226 1836
227 1276
227 2059
228 430
228 448
229 794
229 1282
230 497
230 1847
231 1014
232 975
232 2111
233 1029
233 1227
233 1488
233 1589
234 336
234 1277
235 435
235 1622
236 566
236 1567
236 1976
237 1898
238 1353
238 1703
239 1002
240 339
240 2062
241 886
241 1668
242 610
242 1983
243 794
243 1981
244 630
244 903
245 1236
245 1725
246 632
246 1522
247 429
247 519
248 652
248 1732
249 685
249 1335
250 397
250 1972
251 1819
251 1829
252 356
252 493
252 1547
252 1982
253 1545
254 348
254 644
254 1707
254 1954
255 749
255 763
256 2138
257 440
257 1078
257 1482
257 2019
258 535
258 1012
259 533
259 1542
259 1807
259 2078
260 301
260 731
260 1677
260 1750
261 1665
261 1954
262 681
262 1651
263 341
264 1454
264 1655
265 1635
265 1663
266 934
266 1729
267 1175
267 1408
268 1483
268 2090
269 744
269 1407
270 1246
271 1040
271 1856
272 1593
273 1650
273 1867
274 1465
274 1613
275 1163
276 816
276 1305
277 1470
277 1940
278 913
278 1509
279 1484
279 2020
280 329
281 922
281 1896
282 1446
282 1788
283 495
283 851
283 1818
284 706
284 1894
285 1556
285 1595
286 579
286 960
286 1688
286 2063
287 585
287 1824
288 992
288 1184
289 725
289 1013
290 786
290 1802
291 1702
291 2014
292 1155
292 1317
293 1026
293 1878
294 351
295 771
295 1113
296 443
296 529
297 862
298 1202
298 1828
299 1316
299 1685
300 724
300 947
301 1301
303 623
303 1201
304 568
304 1371
305 1523
305 1579
306 853
306 1621
307 1575
307 1834
308 412
308 1752
309 467
309 1346
310 2044
311 458
311 1037
312 626
312 1479
313 536
313 1211
313 1297
313 1815
314 512
314 1608
314 2110
315 546
315 811
316 1267
316 1995
317 1036
317 1110
318 885
318 1189
318 1326
318 2001
319 594
320 394
320 570
321 1062
321 1085
322 1360
322 1622
322 1695
322 1789
323 992
323 1459
324 729
324 1333
325 593
325 1361
326 1264
327 682
327 1370
328 420
328 1765
329 2062
330 667
330 1462
331 1828
331 1861
332 1601
332 1728
333 1180
333 1669
334 355
335 1195
335 1604
336 572
337 858
337 1262
338 534
338 1226
339 1335
340 1799
340 1835
341 1520
342 1229
342 1794
343 868
343 1553
344 2000
345 1193
345 1870
346 813
346 1101
347 595
347 1731
348 1633
349 467
349 548
349 907
349 1657
350 1604
350 2094
351 790
352 1533
353 1845
353 1886
354 559
354 1674
355 653
355 936
355 1396
356 1357
357 912
357 1085
358 496
358 1390
359 968
359 1640
360 1075
360 1312
361 732
361 1702
362 854
362 1965
363 842
363 1875
364 1338
364 1936
365 756
365 935
366 829
367 1634
367 1670
368 1565
369 1665
370 491
370 738
371 1256
371 1515
372 1860
372 1942
373 433
374 1295
374 1637
374 1794
374 1994
375 803
375 864
375 1332
375 1803
376 1722
376 1808
377 384
377 908
378 1118
379 985
379 1149
380 628
380 2017
381 1283
382 1451
382 1519
383 1025
383 1989
384 1023
384 1308
384 1916
385 1293
386 1377
386 1388
387 1094
388 1435
388 1795
389 844
389 1434
390 1144
391 424
391 1054
392 805
392 911
393 612
393 1906
394 857
395 1266
395 1490
396 793
396 841
398 1128
398 1672
399 1915
399 2101
400 1481
400 2013
401 616
401 998
402 984
402 1313
403 779
403 1933
405 1805
405 1919
406 861
407 1916
407 2119
408 761
408 1665
409 1325
409 1879
409 2114
410 874
410 1463
411 1198
413 780
413 1010
414 1435
414 2050
415 664
415 1599
416 873
416 1024
416 1203
417 2072
417 2116
418 676
418 722
419 1395
419 1754
420 1344
421 537
422 1182
422 1323
423 982
423 1629
424 736
424 790
424 1907
425 453
425 1267
426 886
426 956
426 1063
426 1575
427 755
427 1885
428 1701
428 1717
429 992
430 1366
431 1334
431 1829
432 930
432 1216
432 1302
433 924
434 1195
435 786
435 1561
435 1728
436 1813
436 1912
437 1631
437 1961
438 1693
438 2014
439 1531
439 1967
440 856
441 1846
442 459
442 471
443 1511
444 1529
444 1689
445 455
445 942
445 1921
446 746
446 1374
447 770
447 932
447 1772
447 1928
448 2042
449 1694
450 869
450 1672
451 1030
451 1510
452 1687
452 1898
453 2093
454 1602
454 2004
455 1302
456 1923
456 1943
457 710
457 2079
458 1684
459 1624
460 795
460 1160
461 1516
462 774
462 1541
463 1440
463 1860
464 471
465 1356
465 1400
466 1074
468 1165
468 1667
469 828
469 1909
470 974
470 1675
471 1343
471 1985
472 1494
472 1584
473 491
473 771
474 773
474 1107
474 1968
475 537
475 1238
476 1084
476 2057
477 1901
477 2045
478 701
478 1732
479 1066
479 1487
479 1661
479 1755
480 1067
480 1865
480 1887
481 747
482 1201
482 1472
483 507
483 1421
484 599
484 1504
485 695
485 1823
486 746
486 1009
487 571
487 1033
488 904
488 2020
489 781
490 882
490 2107
492 1237
492 1503
493 939
494 661
494 749
495 2099
496 515
496 906
496 1953
497 840
498 601
498 809
499 884
500 902
500 1262
501 839
501 1262
502 1072
502 2120
503 1071
503 1241
504 1333
504 2004
505 586
505 1969
506 1319
506 2058
508 1429
508 1897
509 664
509 1476
510 985
510 1299
511 635
511 1987
512 1579
513 887
514 1007
514 1623
514 2077
515 1681
516 1300
516 1350
517 1493
517 1791
518 658
518 1135
519 1730
520 1945
521 1042
521 1069
522 1060
523 1148
523 1669
524 887
524 2008
525 1943
525 1970
526 1981
527 694
527 1630
528 562
528 605
529 674
530 1776
530 2046
531 1441
531 1537
532 1346
532 2028
533 2071
534 1132
535 1827
536 680
537 1485
537 1494
538 759
538 1760
539 958
539 1743
540 772
540 877
540 1224
540 1866
541 648
541 2110
542 1209
542 1242
543 964
543 1856
544 1532
544 1591
545 577
545 1745
546 1359
547 1269
547 1983
548 1021
549 1649
549 1765
550 1210
550 1835
551 840
551 2069
552 759
552 2047
553 1227
553 1673
554 806
554 1508
555 754
555 1284
555 2011
556 852
556 1652
557 609
557 1586
558 714
558 1572
559 657
559 1418
559 1659
560 780
561 1112
561 1268
562 646
563 704
563 1759
564 722
564 1808
565 602
565 1455
566 1061
567 2121
568 1401
569 718
569 879
570 1613
571 761
571 1558
571 2109
572 1884
573 1129
573 1218
574 1744
574 1857
575 1507
575 1556
576 1207
576 1711
576 1984
576 2061
577 1870
578 811
578 1391
579 1306
580 615
580 666
581 882
582 1188
582 2029
583 1781
583 1922
584 892
584 1274
585 917
585 1252
585 1911
586 1602
587 1779
587 1996
588 1384
589 1158
589 1263
590 1439
590 1640
591 972
591 1281
592 805
593 858
593 999
593 1544
595 1616
596 1162
596 1375
597 1663
598 1786
598 1975
600 994
602 1564
602 1676
602 2085
603 851
603 1906
604 963
604 1529
605 1896
606 1322
606 2017
607 1340
607 1757
608 896
608 916
609 2012
610 828
611 1769
612 741
613 910
613 1288
614 859
614 905
614 1867
614 1956
615 1249
616 1489
617 1654
617 2129
618 1590
618 1905
619 895
619 1437
619 1960
619 2135
620 791
620 1046
621 913
621 1614
622 1448
622 2064
623 735
624 1344
624 1900
625 818
627 740
627 871
628 2010
628 2130
629 1173
630 925
631 1102
632 1959
633 1599
633 1905
634 2080
635 1262
636 997
636 1876
637 683
637 1074
638 1339
638 1943
639 1224
639 1315
640 1030
640 1672
641 2035
642 694
642 928
643 898
643 1724
644 2009
645 1146
645 1216
646 942
647 1796
648 1458
648 1723
648 1903
649 1231
650 1150
650 1497
651 706
651 1186
653 1934
654 1091
654 1502
655 811
655 1125
656 860
656 1443
657 957
658 1070
659 1610
659 1766
660 1461
661 1420
662 714
662 889
663 1152
663 2101
665 940
665 1378
666 703
666 846
666 862
667 1504
668 1751
668 2010
669 974
669 1355
670 1758
670 1933
671 673
671 2053
672 890
672 1668
673 1167
675 1582
676 1255
677 1887
677 1965
678 1786
678 2033
679 1027
679 1636
681 1320
682 820
683 1544
684 1624
685 1619
686 1659
687 975
687 1915
688 1852
689 1409
689 1576
690 1200
690 1844
691 1356
691 1482
692 704
692 1047
693 1048
693 1736
694 1261
694 1977
695 1171
696 711
696 1818
697 1989
698 1201
698 1214
699 873
699 1298
700 1011
700 1983
701 1992
702 870
702 1318
702 1618
702 1841
705 1185
705 2050
706 1840
707 1241
708 874
708 2002
709 1743
709 1801
710 1710
711 867
711 1798
711 1884
712 793
712 1984
713 909
713 1158
715 1985
715 2013
716 1281
716 1709
716 1944
717 1616
717 1718
718 1980
719 1261
719 1870
720 1046
720 1535
720 1838
720 1885
721 1106
722 2008
722 2060
723 1015
723 1285
724 1215
724 1244
726 1632
727 1323
728 1656
729 1524
730 1612
731 2138
732 1778
733 796
733 1768
734 782
734 1938
735 2067
736 1032
738 2108
739 1459
739 1652
740 1329
741 1859
741 1902
742 1304
742 1677
743 1596
744 2036
745 1593
745 1832
746 961
747 1385
747 1398
747 1830
748 777
748 1801
750 1347
750 1717
751 1057
751 1809
752 1048
753 864
753 1751
754 1838
755 1381
757 1031
757 2096
758 900
758 1810
760 1034
762 1305
762 2042
763 1893
764 957
764 1397
764 1598
764 2016
765 923
765 2121
766 1164
766 1207
767 819
767 1588
768 811
768 1976
769 1133
769 2126
770 831
771 908
771 1889
772 1294
773 1792
774 1790
775 1050
775 1155
776 1129
776 1765
777 792
777 1167
778 991
778 1066
779 1832
780 809
780 1642
781 1666
782 2044
783 1215
783 1371
784 1159
784 1392
787 849
787 1314
788 1314
789 1101
789 1684
791 1746
794 1234
794 1493
795 1350
795 2120
796 1124
797 1001
797 2035
798 1937
799 950
799 1783
800 1443
800 1594
801 872
801 1212
802 1754
803 1714
804 1566
805 1021
805 1157
806 1017
807 1138
807 1812
808 1106
808 1557
808 1978
810 1924
810 2084
812 1966
813 1198
814 1452
814 1963
815 1826
815 1921
816 1213
817 1504
818 2074
819 1049
820 1682
820 1729
821 1400
821 1480
822 1150
822 1275
823 1466
823 1814
824 1902
824 1905
825 1886
826 1835
826 1939
827 2059
828 1725
828 2068
829 1619
830 898
831 1104
832 1804
833 1089
833 1705
834 850
835 1043
835 2127
836 1633
836 1739
837 1470
837 2097
838 1149
838 1880
840 1246
840 1720
843 1475
843 1863
844 1006
845 885
845 965
847 956
847 1180
848 930
848 1896
850 1092
852 1272
852 1402
853 986
854 1432
855 1558
855 1610
857 1789
859 2103
860 1440
861 887
863 1423
863 1767
865 1577
865 1959
866 1367
866 1745
867 1859
869 1654
870 1609
871 1973
872 1429
874 1587
874 2000
875 929
875 1613
876 949
876 1878
877 1676
878 993
878 1012
879 1318
880 1883
880 2051
881 1027
881 1416
882 1056
882 1328
883 1800
883 2025
884 1049
887 1775
888 1709
888 1972
889 972
890 1791
891 1170
891 2128
893 1605
893 1697
894 910
894 1710
897 979
897 1689
898 1137
898 1594
899 1288
900 1562
901 1082
901 1208
902 1336
903 1766
904 1358
905 2122
906 1941
907 1174
909 1924
911 1832
912 1421
914 1048
914 2016
915 1266
915 1871
916 1264
917 1022
918 1094
918 1417
919 1345
919 1376
920 1648
922 1346
923 1878
925 1303
925 2070
926 1083
926 1774
928 1631
929 1296
931 1418
931 1616
932 1931
933 1665
934 1699
934 1771
935 1214
936 1139
937 1121
937 1654
938 1749
938 1881
940 1248
941 1993
943 1023
943 1300
944 1581
944 1948
945 962
945 1944
946 1060
946 1235
947 1101
948 1110
948 1460
948 1855
950 1600
951 1389
951 1439
952 1408
953 1331
953 1746
954 997
955 1225
955 2072
958 1872
958 1975
958 2092
959 1133
959 1759
960 1185
961 1075
962 2076
963 2093
964 1775
965 1909
966 1955
966 2125
967 995
968 1643
969 1827
970 1868
971 1567
971 1914
972 1278
972 1936
973 1008
976 1152
976 1540
977 1111
977 1168
978 1174
978 1862
979 1988
980 1212
980 1584
981 1164
981 1585
982 1193
983 1337
983 1421
985 1549
985 1667
987 1104
987 2003
988 1386
989 2066
990 1065
990 1217
991 1545
992 2117
993 1195
994 1422
994 1603
995 1578
996 1039
996 1873
998 1782
999 1538
1000 1099
1000 1265
1001 1164
1002 1003
1002 1681
1002 2026
1003 1131
1004 1780
1004 1851
1005 2034
1006 1272
1007 1187
1008 1712
1008 1724
1009 1105
1010 1072
1011 1930
1014 1285
1015 2014
1016 1163
1017 1211
1018 1386
1018 1641
1019 1598
1019 1731
1020 1555
1020 1827
1022 1421
1024 1719
1025 1265
1026 1267
1027 1097
1027 1115
1028 1248
1028 1634
1031 1900
1032 1556
1033 1230
1034 1180
1035 1626
1035 2024
1036 1792
1037 1371
1040 1051
1040 1243
1041 1329
1041 1831
1044 1337
1044 2122
1045 1347
1045 2103
1047 2019
1048 1988
1049 1258
1049 1263
1050 1870
1051 2060
1052 1172
1052 1700
1053 1660
1053 1973
1054 1291
1055 1464
1055 2021
1056 1332
1057 1773
1059 1331
1059 1362
1061 1420
1062 1164
1063 1814
1064 1138
1064 1197
1064 1949
1065 2065
1067 1641
1068 1682
1069 1710
1070 1103
1071 2011
1073 1232
1073 1540
1076 1424
1076 2057
1079 1588
1080 1242
1080 1308
1081 1477
1081 2078
1082 1858
1083 1461
1084 2083
1086 1800
1087 1476
1087 1711
1088 1316
1089 1664
1089 1958
1090 1235
1092 1278
1093 2029
1093 2048
1094 2082
1095 1655
1096 1525
1096 1990
1097 1512
1098 1404
1098 1637
1099 1489
1100 1104
1100 1749
1101 1761
1102 1446
1103 1551
1104 2073
1105 1617
1105 2088
1108 1899
1109 1244
1109 1388
1111 1222
1111 1756
1111 2133
1112 1391
1113 1345
1114 1292
1114 2141
1115 1645
1116 1533
1116 1686
1117 1436
1117 1718
1118 1615
1119 1424
1119 1611
1120 1219
1120 1748
1121 1450
1122 1307
1122 2033
1123 1420
1123 1478
1124 1307
1125 1582
1126 1514
1127 1423
1127 1543
1128 1406
1130 1309
1130 1640
1131 1408
1132 2041
1134 1293
1134 1356
1135 1509
1135 1877
1135 2005
1136 1427
1137 1942
1139 2074
1140 1491
1140 2070
1141 1650
1142 2040
1142 2087
1143 1525
1143 1591
1144 1378
1145 1569
1146 1607
1147 1748
1151 2111
1153 1176
1153 1445
1154 1721
1154 2072
1156 1897
1157 1733
1158 1202
1160 1863
1161 1240
1161 1920
1162 1855
1163 1481
1165 1384
1166 1510
1166 2047
1168 1698
1169 1845
1169 1935
1170 1638
1171 1872
1173 1912
1175 1710
1176 1686
1176 2105
1177 1537
1177 1560
1178 1664
1178 1937
1179 1687
1179 1966
1181 1344
1181 1699
1182 2061
1183 1204
1183 1812
1184 1499
1188 1668
1189 1196
1190 1653
1190 2098
1191 1574
1192 1584
1196 1412
1199 1236
1199 1891
1200 1647
1203 1739
1204 1992
1205 1650
1205 1920
1206 1864
1209 1345
1210 1643
1213 1334
1217 1879
1218 1592
1219 1989
1220 1498
1220 1656
1220 1923
1220 2027
1221 1460
1221 1948
1223 1310
1223 1866
1225 1364
1226 1366
1228 1234
1228 2029
1229 1742
1230 2009
1231 1577
1232 1835
1233 1372
1233 2140
1235 1758
1235 1797
1238 1405
1239 1284
1240 1911
1243 2031
1245 2052
1245 2079
1247 1763
1247 2047
1249 1849
1250 1880
1251 1313
1251 1437
1252 1956
1253 1708
1253 1712
1254 1589
1254 2037
1255 1518
1256 1273
1256 1970
1257 2049
1258 1597
1259 1756
1260 1433
1264 1904
1265 2012
1265 2043
1268 1420
1269 1784
1270 1380
1271 1359
1271 1550
1274 1331
1275 1441
1275 2054
1276 1324
1277 1905
1279 1303
1279 1525
1280 1373
1280 1553
1282 1366
1283 1628
1286 1407
1287 1732
1289 1354
1289 1812
1290 1776
1290 1997
1291 2116
1292 1478
1292 1861
1292 2055
1294 1829
1295 1495
1296 1330
1296 1444
1297 2133
1298 1511
1298 2100
1299 1503
1304 1705
1305 1425
1305 1474
1309 1854
1310 1892
1311 1958
1314 1843
1314 2065
1315 1349
1317 2049
1319 1514
1320 1654
1321 1853
1322 1803
1324 1943
1325 1925
1326 1755
1327 1353
1328 1978
1330 1695
1331 1570
1335 1387
1335 1645
1336 1543
1338 1793
1338 2140
1339 1369
1340 1971
1341 1474
1341 1757
1342 1402
1342 1499
1343 1457
1345 2018
1348 1353
1348 2095
1349 2132
1351 1658
1351 1759
1352 1447
1354 1857
1356 1658
1357 1370
1358 1700
1358 1839
1359 1571
1359 2032
1360 1809
1361 1698
1363 2119
1364 1683
1364 1790
1364 1938
1365 1528
1365 1986
1366 2090
1368 1873
1369 1787
1370 1569
1371 1922
1372 1572
1372 1974
1373 1653
1375 1485
1376 1912
1377 1401
1379 1785
1379 2107
1380 1432
1381 1999
1382 2104
1383 1601
1385 1607
1392 1800
1393 2087
1394 1950
1394 2098
1396 1865
1397 2094
1399 1771
1399 2039
1401 1666
1403 1752
1404 1777
1405 1993
1406 1763
1406 1991
1408 1734
1409 1624
1410 1882
1410 2136
1411 1415
1411 1679
1412 1431
1413 1983
1414 1962
1414 1971
1415 1967
1417 1967
1419 2004
1422 2081
1423 1639
1423 1703
1424 1670
1424 2034
1425 1908
1426 1534
1426 1751
1428 1769
1428 2097
1430 1844
1430 2067
1432 1505
1432 1934
1433 2089
1434 2072
1435 1524
1435 1770
1436 2026
1438 1532
1438 1886
1440 2106
1442 1893
1444 1583
1445 1501
1449 2015
1450 1952
1450 1997
1451 1874
1452 1636
1454 1525
1455 1697
1456 1629
1456 1638
1456 1850
1456 2099
1457 1708
1458 2082
1463 1784
1464 1842
1465 1844
1466 1833
1467 1722
1468 2124
1469 1581
1472 1882
1473 1690
1475 1913
1476 2104
1477 1768
1477 1817
1477 1955
1479 1895
1480 1559
1483 1908
1483 1962
1484 2089
1486 1716
1486 1917
1487 2068
1488 1825
1489 1816
1489 2113
1492 1822
1492 2079
1496 2142
1497 1979
1498 2113
1499 1788
1499 1926
1500 1719
1500 1778
1501 1605
1501 1635
1501 1940
1502 1933
1503 1780
1503 2083
1504 1648
1505 1742
1506 1627
1506 1662
1507 1601
1513 2077
1515 1932
1517 1774
1517 2106
1518 1951
1519 1812
1520 1964
1521 1767
1521 1927
1522 2020
1523 1928
1526 2038
1526 2129
1527 1671
1527 1896
1528 1877
1529 1555
1530 1632
1530 2075
1531 1753
1534 2023
1535 2063
1536 2003
1536 2086
1537 1996
1540 1685
1540 1894
1541 1546
1542 1651
1546 1556
1548 1761
1548 2047
1549 1762
1552 1663
1552 2134
1553 1823
1553 1980
1554 1929
1559 1626
1560 1696
1561 1811
1563 1618
1563 2023
1568 2126
1571 2030
1573 1875
1573 1926
1574 1661
1576 1929
1578 1882
1580 1620
1580 1657
1583 1647
1586 2027
1587 1704
1592 2079
1595 1802
1596 1811
1600 1653
1601 1773
1603 2114
1606 1730
1608 2073
1609 1653
1610 2143
1611 1673
1613 1869
1615 2032
1616 1941
1620 1671
1623 1713
1624 1910
1625 1737
1626 1888
1626 1919
1627 1815
1630 2049
1634 1825
1634 2036
1640 1868
1642 1715
1644 1693
1644 1820
1646 1698
1649 2039
1650 1701
1655 1744
1660 2004
1662 1848
1672 2046
1674 1740
1675 1930
1678 1847
1679 2081
1680 2092
1683 1907
1688 2131
1690 1851
1691 1893
1692 1973
1692 2058
1698 1848
1704 1930
1706 1949
1706 2045
1714 1737
1715 1966
1717 2124
1723 2086
1726 1914
1726 2055
1727 2001
1732 1852
1734 2007
1735 2056
1735 2118
1736 1740
1738 2117
1745 1961
1745 2006
1747 1782
1747 1989
1751 2118
1753 1890
1757 1819
1757 2132
1765 1864
1772 2054
1774 1918
1774 1979
1779 1931
1783 2130
1786 1871
1787 1816
1793 2076
1795 1831
1798 2128
1799 1854
1805 1813
1806 1953
1806 1957
1807 1952
1810 2088
1817 2053
1820 2043
1826 2095
1827 1995
1829 2021
1830 1927
1831 1999
1831 2131
1833 2087
1834 2048
1837 1948
1837 1968
1839 1998
1840 1849
1842 2085
1844 2136
1850 2006
1857 1901
1857 2142
1863 1895
1876 2018
1878 1917
1890 1903
1891 1930
1892 2105
1893 2141
1912 2108
1925 1967
1932 2002
1935 2109
1946 2125
1947 1960
1947 2020
1957 2007
1966 2069
1974 1994
1986 2139
1991 2038
2025 2049
2029 2041
2051 2135
2052 2102
2066 2134
2112 2119
2123 2137
