280 280
0 142
1 41
1 203
2 45
2 261
3 18
3 25
4 227
5 106
5 129
6 44
6 102
6 156
7 16
7 276
8 80
8 175
8 197
9 90
9 119
10 83
11 118
12 79
12 279
13 75
14 194
14 227
14 262
15 16
16 98
16 209
17 38
19 217
20 244
21 108
21 155
22 122
23 232
23 248
24 254
25 161
25 169
26 33
26 98
26 171
27 143
28 108
28 185
28 225
29 230
30 67
30 181
31 53
31 166
31 206
32 89
34 275
35 103
35 145
35 169
35 242
36 147
36 279
37 265
38 234
39 83
39 237
40 102
42 78
43 151
43 271
46 132
46 250
46 277
47 81
47 120
47 208
48 56
48 139
49 84
49 244
50 217
51 155
52 158
53 121
54 224
55 62
56 234
57 106
58 185
59 106
60 67
60 97
61 106
62 63
62 136
62 185
64 144
65 107
66 109
67 154
67 198
68 100
68 229
69 147
70 123
70 174
70 211
71 111
71 199
71 259
72 77
72 182
72 248
73 170
74 145
75 114
76 177
77 85
77 162
77 190
77 230
77 265
78 167
79 240
80 223
81 234
82 132
83 86
83 98
85 189
87 102
88 175
88 251
88 258
88 268
88 271
89 231
91 201
92 195
93 266
94 96
94 194
94 235
95 218
98 192
98 193
98 268
99 190
101 106
101 231
101 266
102 133
102 160
102 256
103 177
104 248
105 257
106 108
106 141
107 177
107 179
107 228
108 131
108 158
108 192
108 234
109 166
109 202
109 245
109 272
110 245
112 155
113 153
114 173
114 190
114 247
115 269
116 121
117 119
117 180
118 137
118 165
119 199
119 204
119 220
119 243
121 236
121 239
122 134
122 145
124 217
124 238
125 127
126 200
127 169
128 224
130 155
130 219
130 269
133 150
134 207
135 147
135 166
135 199
137 166
137 222
138 235
139 205
140 227
141 233
142 154
142 192
143 148
143 153
143 181
144 192
144 274
145 158
145 174
145 190
145 194
146 229
146 257
149 275
152 163
152 235
153 234
154 178
155 270
157 203
158 199
158 203
158 256
159 177
160 187
161 201
161 210
164 271
167 169
167 183
168 199
169 254
170 230
172 244
175 186
176 221
184 250
184 261
188 208
189 191
192 200
192 250
192 278
194 216
194 249
194 255
195 203
196 201
203 275
204 213
204 218
204 241
209 214
212 242
213 226
215 245
216 217
221 249
224 235
225 253
227 267
228 273
229 255
244 258
246 257
252 271
258 260
262 264
263 265
