500 600
0 57
0 349
1 191
1 262
2 119
2 126
3 29
3 404
4 162
4 422
5 92
5 174
5 309
5 386
6 206
6 496
7 172
7 481
7 491
7 499
8 22
8 490
9 244
9 474
10 87
10 159
11 357
11 402
12 95
12 208
12 423
12 470
13 77
13 281
14 23
14 185
15 87
15 89
16 53
16 182
17 138
17 464
18 328
18 432
19 126
19 180
20 147
20 249
20 422
20 477
21 184
21 192
21 248
21 318
22 76
23 124
24 159
24 314
25 57
25 186
25 293
25 323
26 156
26 198
27 110
27 272
28 427
28 430
29 273
29 288
29 363
30 456
30 498
31 106
31 219
32 191
32 430
33 107
33 340
34 253
34 360
35 365
35 472
36 259
36 312
36 344
36 374
37 226
37 285
38 165
38 379
39 153
39 220
40 185
40 360
41 203
41 204
41 353
41 465
42 89
42 146
43 106
43 459
44 284
44 316
45 165
45 176
46 176
46 396
47 55
47 350
48 55
48 471
49 198
49 311
50 284
50 315
51 138
51 167
52 103
52 334
53 63
53 129
53 303
54 83
54 200
54 416
54 428
55 232
55 441
56 86
56 174
56 192
56 458
58 132
58 424
59 152
59 341
59 345
59 349
60 335
60 390
61 324
61 343
62 385
62 395
63 482
64 141
64 293
65 171
65 352
66 225
66 265
67 158
67 219
68 333
68 461
69 112
69 336
70 250
70 298
71 219
71 387
72 222
72 377
73 328
73 442
74 252
74 285
75 205
75 225
76 109
76 214
76 222
77 432
78 275
78 480
79 153
79 217
79 312
79 485
80 176
80 272
81 314
81 343
82 205
82 285
83 333
84 114
84 496
85 206
85 429
86 474
87 141
87 467
88 180
88 355
89 256
89 287
90 337
90 464
91 250
91 473
92 244
93 121
93 414
94 297
94 366
95 244
96 372
96 396
97 198
97 412
98 191
98 292
99 144
99 295
100 123
100 270
101 130
101 260
102 122
102 322
102 438
102 480
103 137
103 388
103 476
104 191
104 223
105 282
105 356
106 426
106 453
107 209
107 282
107 375
108 180
108 370
109 390
110 144
110 172
110 251
111 168
111 458
112 135
113 161
113 277
114 125
114 213
114 489
115 201
115 228
115 450
115 493
116 124
116 154
116 243
116 286
117 414
117 424
118 471
118 486
119 484
120 328
120 404
121 499
122 269
123 383
125 429
126 247
126 377
127 278
127 376
128 241
128 305
129 245
130 177
130 229
130 347
131 194
131 382
132 162
132 189
132 393
133 234
133 397
134 151
134 342
134 455
134 488
135 169
135 418
135 434
136 187
136 405
136 415
136 433
137 313
139 295
139 338
139 354
139 481
140 190
140 493
142 158
142 265
143 258
143 321
145 165
145 296
146 147
148 263
148 382
149 368
149 455
150 156
150 290
151 242
152 399
154 212
155 227
155 348
157 292
157 497
160 359
160 437
161 385
163 196
163 340
164 184
164 386
165 305
166 194
166 387
167 280
167 367
167 405
168 185
169 290
170 236
170 410
170 420
170 449
171 494
173 211
173 311
175 242
175 365
176 401
177 206
178 207
178 301
179 264
179 317
180 277
181 209
181 367
182 364
183 299
183 391
185 318
186 399
187 464
188 307
188 475
189 324
190 258
193 309
193 423
194 289
194 417
195 202
195 351
196 433
197 217
197 228
198 378
199 263
199 440
200 261
201 307
202 212
203 252
204 459
205 319
205 353
206 359
207 430
208 262
210 263
210 304
211 434
212 449
212 462
213 487
214 447
215 340
215 425
216 329
216 330
218 245
218 298
219 394
220 245
221 268
221 464
223 460
224 431
224 469
226 397
226 476
226 478
227 432
229 402
230 335
230 447
231 259
231 332
232 463
233 244
233 497
234 254
235 291
235 426
236 267
237 332
237 392
237 450
237 485
238 431
238 483
239 296
239 442
240 324
240 483
241 396
242 246
242 380
243 294
245 344
246 337
247 447
248 253
249 324
250 303
250 419
251 396
254 331
254 371
254 388
255 345
255 384
256 314
257 268
257 373
258 341
258 400
260 308
261 271
263 410
264 441
265 453
265 465
266 355
266 447
267 369
268 368
268 380
269 288
270 362
270 378
270 492
271 315
273 274
274 281
274 310
274 438
275 284
276 310
276 444
278 333
279 289
279 394
280 340
283 317
283 425
284 428
285 479
286 360
287 421
290 406
290 413
291 387
292 435
292 470
294 420
297 472
299 347
299 436
299 437
300 452
300 461
301 350
302 408
302 472
304 462
306 319
306 478
307 384
307 400
308 429
311 383
311 406
313 381
314 477
315 322
315 444
316 448
317 375
317 466
320 327
320 408
321 468
323 352
325 414
325 431
326 358
326 457
327 342
328 498
329 440
330 387
331 473
333 448
334 479
336 370
338 414
339 357
339 461
346 350
346 486
348 442
350 361
351 360
352 445
352 467
354 469
356 471
357 376
357 436
358 429
361 389
362 407
363 432
364 411
366 390
369 440
370 439
370 484
371 411
372 491
373 415
374 482
379 398
379 446
379 456
381 411
385 418
385 439
389 403
389 460
389 495
390 454
391 409
392 475
393 431
395 413
398 442
399 468
399 494
401 443
403 430
407 451
407 457
407 489
408 454
408 490
409 461
411 419
412 451
416 452
417 440
421 445
427 435
443 446
463 495
466 471
472 488
487 492
