450 450
0 111
1 271
1 387
2 104
2 245
2 397
3 185
3 300
4 327
4 329
5 393
6 242
6 303
6 325
7 140
7 439
8 74
8 98
8 209
8 367
8 382
9 154
9 165
9 177
10 77
10 191
10 302
11 99
12 191
13 149
13 347
13 373
14 382
15 379
16 33
16 177
16 241
17 426
18 177
19 49
20 74
20 431
21 210
21 408
22 186
22 414
22 429
23 304
23 384
24 57
25 55
26 207
27 66
28 135
29 54
29 99
29 156
29 224
30 48
30 82
30 103
30 182
30 190
30 250
30 297
31 362
32 189
32 285
33 333
33 342
34 445
35 46
35 100
36 294
37 225
38 351
39 339
40 424
41 86
42 434
43 132
43 166
43 246
44 421
45 269
45 301
45 310
46 413
47 210
48 229
49 215
50 54
51 449
52 204
52 255
53 60
53 164
53 178
53 337
55 233
55 411
56 251
56 257
56 301
57 389
58 217
59 135
59 175
59 434
61 83
61 255
61 437
62 131
62 240
62 324
62 382
63 105
63 433
64 166
64 279
64 281
65 113
65 174
66 87
66 259
66 260
67 232
67 317
68 127
68 319
69 259
69 268
70 409
71 93
71 122
72 289
73 131
73 155
74 107
74 145
74 150
74 160
74 231
74 262
75 375
76 205
77 208
77 274
78 129
78 289
79 429
80 350
80 378
81 374
82 124
83 300
83 369
84 217
85 234
86 129
86 292
88 353
88 361
89 329
90 329
91 297
92 237
92 253
94 222
95 330
95 421
96 169
96 199
97 205
97 403
97 415
98 104
98 138
98 293
98 296
98 301
98 351
99 230
99 247
99 291
99 446
100 150
100 423
101 379
102 207
102 380
104 275
104 297
106 280
106 365
108 131
108 345
109 362
110 368
111 193
112 138
114 238
114 390
115 401
116 436
117 168
117 418
117 442
118 234
119 147
120 332
121 135
122 361
122 382
123 138
123 221
125 207
126 339
127 284
128 334
128 336
128 426
129 171
129 262
129 375
129 406
130 174
130 248
130 322
131 218
131 347
131 398
132 236
133 396
134 194
134 284
134 309
134 355
134 357
134 383
135 153
135 203
135 295
136 222
137 439
138 238
138 294
138 323
139 216
141 339
142 183
142 325
143 191
144 430
145 225
145 339
146 382
146 427
147 225
148 337
150 252
150 318
150 384
151 254
152 332
154 328
155 211
155 432
156 193
157 375
158 263
159 174
159 300
159 359
159 392
159 441
160 277
161 397
162 201
163 250
166 386
166 421
167 251
168 332
169 230
169 346
170 201
171 196
171 416
172 384
173 239
173 435
174 201
174 259
174 284
174 356
176 201
177 301
178 329
178 393
179 324
179 392
180 389
181 271
181 339
182 215
184 416
187 214
188 195
188 296
189 332
189 354
191 254
192 362
193 417
194 233
197 372
197 388
198 355
200 292
201 391
202 212
202 224
203 232
206 210
206 370
206 382
206 415
206 419
207 299
207 311
207 384
209 325
209 337
209 349
212 272
213 241
214 385
216 431
217 227
217 262
217 287
219 369
220 329
222 313
222 410
223 235
223 244
223 265
224 282
224 433
226 280
226 443
227 315
228 358
230 262
230 276
230 436
230 449
234 349
234 444
237 424
237 438
237 446
239 249
239 299
239 385
243 382
245 407
245 425
248 395
251 374
253 261
254 294
256 353
257 321
258 339
262 426
263 351
263 448
264 392
265 434
266 437
267 282
270 347
273 383
275 399
276 280
276 434
278 434
280 402
282 305
282 388
283 349
283 428
284 290
284 382
286 419
288 373
289 420
292 430
293 389
296 421
297 364
298 343
299 440
301 332
306 401
307 352
307 436
308 326
312 351
313 341
313 367
314 398
316 429
320 439
326 426
329 340
331 367
332 394
334 358
335 421
338 364
340 360
340 363
343 355
343 368
344 355
344 404
348 431
361 445
362 446
366 436
370 439
371 384
376 438
377 410
378 397
379 442
381 429
396 422
400 421
401 446
402 447
405 418
409 446
412 440
422 429
422 439
